Temporada,Posicion,Equipo,PT,PJ,PG,PE,PP,GF,GC,PT_C,PJ_C,PG_C,PE_C,PP_C,GF_C,GC_C,PT_F,PJ_F,PG_F,PE_F,PP_F,GF_F,GC_F
1928-29,1,Barcelona,25,18,11,3,4,37,23,15,9,7,1,1,26,8,10,9,4,2,3,11,15
1928-29,2,Real Madrid,23,18,11,1,6,40,27,15,9,7,1,1,22,6,8,9,4,0,5,18,21
1928-29,3,Athletic Club de Bilbao,20,18,8,4,6,43,33,14,9,6,2,1,29,10,6,9,2,2,5,14,23
1928-29,4,Real Sociedad,20,18,8,4,6,46,41,15,9,6,3,0,32,18,5,9,2,1,6,14,23
1928-29,5,CD Getxo,19,18,8,3,7,32,39,12,9,5,2,2,17,11,7,9,3,1,5,15,28
1928-29,6,Atlético de Madrid,18,18,8,2,8,43,41,10,9,5,0,4,26,18,8,9,3,2,4,17,23
1928-29,7,Espanyol,18,18,7,4,7,32,38,14,9,6,2,1,23,10,4,9,1,2,6,9,28
1928-29,8,Europa,16,18,6,4,8,45,49,13,9,5,3,1,27,17,3,9,1,1,7,18,32
1928-29,9,Real Unión,12,18,5,2,11,40,42,8,9,4,0,5,26,20,4,9,1,2,6,14,22
1928-29,10,Racing de Santander,9,18,3,3,12,25,50,7,9,3,1,5,18,19,2,9,0,2,7,7,31
1929-30,1,Athletic Club de Bilbao,30,18,12,6,0,63,28,17,9,8,1,0,37,11,13,9,4,5,0,26,17
1929-30,2,Barcelona,23,18,11,1,6,46,36,15,9,7,1,1,28,15,8,9,4,0,5,18,21
1929-30,3,CD Getxo,20,18,9,2,7,51,40,13,9,6,1,2,30,15,7,9,3,1,5,21,25
1929-30,4,Espanyol,20,18,9,2,7,40,33,15,9,7,1,1,26,7,5,9,2,1,6,14,26
1929-30,5,Real Madrid,17,18,7,3,8,45,42,12,9,5,2,2,33,15,5,9,2,1,6,12,27
1929-30,6,Real Unión,17,18,6,5,7,48,52,11,9,4,3,2,30,22,6,9,2,2,5,18,30
1929-30,7,Real Sociedad,14,18,5,4,9,34,37,11,9,5,1,3,24,16,3,9,0,3,6,10,21
1929-30,8,Racing de Santander,14,18,7,0,11,32,58,14,9,7,0,2,27,14,0,9,0,0,9,5,44
1929-30,9,Europa,13,18,6,1,11,29,44,7,9,3,1,5,15,14,6,9,3,0,6,14,30
1929-30,10,Atlético de Madrid,12,18,5,2,11,32,50,12,9,5,2,2,23,18,0,9,0,0,9,9,32
1930-31,1,Athletic Club de Bilbao,22,18,11,0,7,73,33,14,9,7,0,2,49,14,8,9,4,0,5,24,19
1930-31,2,Racing de Santander,22,18,10,2,6,49,37,14,9,7,0,2,27,10,8,9,3,2,4,22,27
1930-31,3,Real Sociedad,22,18,10,2,6,42,39,14,9,6,2,1,25,17,8,9,4,0,5,17,22
1930-31,4,Barcelona,21,18,7,7,4,40,43,14,9,6,2,1,29,14,7,9,1,5,3,11,29
1930-31,5,CD Getxo,18,18,8,2,8,35,38,13,9,6,1,2,21,11,5,9,2,1,6,14,27
1930-31,6,Real Madrid,18,18,7,4,7,24,27,12,9,5,2,2,12,9,6,9,2,2,5,12,18
1930-31,7,Real Unión,16,18,6,4,8,41,45,11,9,4,3,2,26,19,5,9,2,1,6,15,26
1930-31,8,Alavés,14,18,5,4,9,25,39,11,9,5,1,3,19,16,3,9,0,3,6,6,23
1930-31,9,Espanyol,14,18,6,2,10,32,45,14,9,6,2,1,25,12,0,9,0,0,9,7,33
1930-31,10,Europa,13,18,6,1,11,23,38,11,9,5,1,3,14,15,2,9,1,0,8,9,23
1931-32,1,Real Madrid,28,18,10,8,0,37,15,16,9,7,2,0,23,4,12,9,3,6,0,14,11
1931-32,2,Athletic Club de Bilbao,25,18,11,3,4,47,23,17,9,8,1,0,34,12,8,9,3,2,4,13,11
1931-32,3,Barcelona,24,18,10,4,4,40,26,13,9,5,3,1,25,15,11,9,5,1,3,15,11
1931-32,4,Racing de Santander,20,18,7,6,5,36,35,14,9,5,4,0,17,9,6,9,2,2,5,19,26
1931-32,5,CD Getxo,17,18,7,3,8,35,42,15,9,7,1,1,26,13,2,9,0,2,7,9,29
1931-32,6,Espanyol,15,18,7,1,10,34,39,14,9,7,0,2,24,9,1,9,0,1,8,10,30
1931-32,7,Valencia,15,18,6,3,9,38,47,15,9,6,3,0,27,10,0,9,0,0,9,11,37
1931-32,8,Real Sociedad,14,18,7,0,11,38,35,12,9,6,0,3,33,14,2,9,1,0,8,5,21
1931-32,9,Alavés,11,18,5,1,12,22,44,8,9,4,0,5,13,12,3,9,1,1,7,9,32
1931-32,10,Real Unión,11,18,4,3,11,24,45,10,9,4,2,3,15,16,1,9,0,1,8,9,29
1932-33,1,Real Madrid,28,18,13,2,3,49,17,16,9,8,0,1,34,8,12,9,5,2,2,15,9
1932-33,2,Athletic Club de Bilbao,26,18,13,0,5,63,29,10,9,5,0,4,35,17,16,9,8,0,1,28,12
1932-33,3,Espanyol,22,18,10,2,6,33,30,14,9,7,0,2,23,15,8,9,3,2,4,10,15
1932-33,4,Barcelona,19,18,7,5,6,42,34,14,9,6,2,1,26,12,5,9,1,3,5,16,22
1932-33,5,Betis,17,18,6,5,7,31,45,12,9,5,2,2,18,16,5,9,1,3,5,13,29
1932-33,6,Real Sociedad,15,18,6,3,9,41,47,12,9,5,2,2,30,14,3,9,1,1,7,11,33
1932-33,7,CD Getxo,14,18,5,4,9,39,44,12,9,5,2,2,26,16,2,9,0,2,7,13,28
1932-33,8,Racing de Santander,14,18,6,2,10,46,58,14,9,6,2,1,33,12,0,9,0,0,9,13,46
1932-33,9,Valencia,13,18,4,5,9,34,53,11,9,4,3,2,22,18,2,9,0,2,7,12,35
1932-33,10,Alavés,12,18,5,2,11,21,42,12,9,5,2,2,16,8,0,9,0,0,9,5,34
1933-34,1,Athletic Club de Bilbao,24,18,11,2,5,61,27,18,9,9,0,0,47,8,6,9,2,2,5,14,19
1933-34,2,Real Madrid,22,18,10,2,6,41,29,16,9,8,0,1,23,7,6,9,2,2,5,18,22
1933-34,3,Racing de Santander,19,18,9,1,8,38,39,17,9,8,1,0,28,14,2,9,1,0,8,10,25
1933-34,4,Betis,19,18,9,1,8,29,36,15,9,7,1,1,18,10,4,9,2,0,7,11,26
1933-34,5,Real Sociedad,18,18,7,4,7,29,33,15,9,7,1,1,23,12,3,9,0,3,6,6,21
1933-34,6,Oviedo,18,18,8,2,8,51,45,17,9,8,1,0,39,14,1,9,0,1,8,12,31
1933-34,7,Valencia,17,18,7,3,8,28,38,14,9,6,2,1,15,7,3,9,1,1,7,13,31
1933-34,8,Espanyol,17,18,7,3,8,41,42,14,9,6,2,1,31,15,3,9,1,1,7,10,27
1933-34,9,Barcelona,16,18,8,0,10,42,40,16,9,8,0,1,34,9,0,9,0,0,9,8,31
1933-34,10,CD Getxo,10,18,3,4,11,18,49,9,9,3,3,3,13,11,1,9,0,1,8,5,38
1934-35,1,Betis,34,22,15,4,3,43,19,20,11,9,2,0,22,5,14,11,6,2,3,21,14
1934-35,2,Real Madrid,33,22,16,1,5,61,34,20,11,10,0,1,41,12,13,11,6,1,4,20,22
1934-35,3,Oviedo,26,22,12,2,8,60,47,17,11,8,1,2,36,20,9,11,4,1,6,24,27
1934-35,4,Athletic Club de Bilbao,25,22,11,3,8,60,37,17,11,8,1,2,44,13,8,11,3,2,6,16,24
1934-35,5,Sevilla,24,22,11,2,9,53,38,18,11,9,0,2,36,13,6,11,2,2,7,17,25
1934-35,6,Barcelona,24,22,9,6,7,55,44,16,11,6,4,1,32,12,8,11,3,2,6,23,32
1934-35,7,Atlético de Madrid,21,22,8,5,9,40,45,17,11,7,3,1,32,19,4,11,1,2,8,8,26
1934-35,8,Espanyol,20,22,9,2,11,47,59,11,11,5,1,5,23,22,9,11,4,1,6,24,37
1934-35,9,Valencia,20,22,9,2,11,40,49,17,11,8,1,2,25,12,3,11,1,1,9,15,37
1934-35,10,Racing de Santander,17,22,7,3,12,37,46,12,11,5,2,4,24,19,5,11,2,1,8,13,27
1934-35,11,Real Sociedad,11,22,5,1,16,28,67,9,11,4,1,6,21,26,2,11,1,0,10,7,41
1934-35,12,CD Getxo,9,22,3,3,16,17,56,7,11,3,1,7,12,20,2,11,0,2,9,5,36
1935-36,1,Athletic Club de Bilbao,31,22,14,3,5,59,33,22,11,11,0,0,45,14,9,11,3,3,5,14,19
1935-36,2,Real Madrid,29,22,13,3,6,62,35,18,11,8,2,1,44,19,11,11,5,1,5,18,16
1935-36,3,Oviedo,28,22,12,4,6,63,47,18,11,8,2,1,35,19,10,11,4,2,5,28,28
1935-36,4,Racing de Santander,27,22,13,1,8,58,46,20,11,10,0,1,42,18,7,11,3,1,7,16,28
1935-36,5,Barcelona,24,22,11,2,9,39,32,17,11,8,1,2,27,10,7,11,3,1,7,12,22
1935-36,6,Hércules,24,22,11,2,9,37,41,19,11,9,1,1,20,7,5,11,2,1,8,17,34
1935-36,7,Betis,20,22,9,2,11,31,46,16,11,7,2,2,24,8,4,11,2,0,9,7,38
1935-36,8,Valencia,19,22,7,5,10,36,42,13,11,5,3,3,19,12,6,11,2,2,7,17,30
1935-36,9,Espanyol,17,22,8,1,13,36,53,17,11,8,1,2,28,14,0,11,0,0,11,8,39
1935-36,10,Sevilla,16,22,6,4,12,27,48,12,11,5,2,4,14,12,4,11,1,2,8,13,36
1935-36,11,Atlético de Madrid,15,22,6,3,13,34,50,11,11,5,1,5,22,17,4,11,1,2,8,12,33
1935-36,12,Osasuna,14,22,7,0,15,46,55,14,11,7,0,4,39,19,0,11,0,0,11,7,36
1939-40,1,Atlético de Madrid,29,22,14,1,7,43,29,21,11,10,1,0,29,8,8,11,4,0,7,14,21
1939-40,2,Sevilla,28,22,11,6,5,60,44,18,11,8,2,1,37,19,10,11,3,4,4,23,25
1939-40,3,Athletic Club de Bilbao,26,22,11,4,7,57,44,15,11,7,1,3,37,21,11,11,4,3,4,20,23
1939-40,4,Real Madrid,25,22,12,1,9,47,35,18,11,9,0,2,27,12,7,11,3,1,7,20,23
1939-40,5,Espanyol,24,22,11,2,9,43,43,16,11,7,2,2,32,18,8,11,4,0,7,11,25
1939-40,6,Hércules,23,22,9,5,8,41,34,15,11,7,1,3,29,14,8,11,2,4,5,12,20
1939-40,7,Zaragoza,21,22,7,7,8,30,40,18,11,7,4,0,24,11,3,11,0,3,8,6,29
1939-40,8,Valencia,21,22,9,3,10,40,36,15,11,6,3,2,24,13,6,11,3,0,8,16,23
1939-40,9,Barcelona,19,22,8,3,11,32,38,12,11,5,2,4,15,10,7,11,3,1,7,17,28
1939-40,10,Celta de Vigo,19,22,9,1,12,45,50,16,11,8,0,3,31,15,3,11,1,1,9,14,35
1939-40,11,Betis,16,22,6,4,12,26,51,14,11,6,2,3,17,15,2,11,0,2,9,9,36
1939-40,12,Racing de Santander,13,22,6,1,15,37,57,13,11,6,1,4,25,18,0,11,0,0,11,12,39
1940-41,1,Atlético de Madrid,33,22,13,7,2,70,36,19,11,8,3,0,42,18,14,11,5,4,2,28,18
1940-41,2,Athletic Club de Bilbao,31,22,13,5,4,49,24,19,11,9,1,1,35,13,12,11,4,4,3,14,11
1940-41,3,Valencia,27,22,11,5,6,60,52,19,11,8,3,0,36,11,8,11,3,2,6,24,41
1940-41,4,Barcelona,27,22,13,1,8,55,45,18,11,9,0,2,33,12,9,11,4,1,6,22,33
1940-41,5,Sevilla,26,22,12,2,8,70,43,21,11,10,1,0,53,17,5,11,2,1,8,17,26
1940-41,6,Real Madrid,24,22,11,2,9,51,38,16,11,8,0,3,33,15,8,11,3,2,6,18,23
1940-41,7,Espanyol,22,22,10,2,10,50,54,17,11,8,1,2,30,15,5,11,2,1,8,20,39
1940-41,8,Oviedo,16,22,7,2,13,36,63,14,11,6,2,3,30,26,2,11,1,0,10,6,37
1940-41,9,Hércules,16,22,7,2,13,28,67,13,11,6,1,4,17,18,3,11,1,1,9,11,49
1940-41,10,Celta de Vigo,15,22,7,1,14,45,51,13,11,6,1,4,29,17,2,11,1,0,10,16,34
1940-41,11,Zaragoza,14,22,5,4,13,26,41,13,11,5,3,3,20,14,1,11,0,1,10,6,27
1940-41,12,Murcia,13,22,5,3,14,29,55,12,11,5,2,4,18,17,1,11,0,1,10,11,38
1941-42,1,Valencia,40,26,18,4,4,85,39,23,13,11,1,1,56,15,17,13,7,3,3,29,24
1941-42,2,Real Madrid,33,26,14,5,7,65,43,20,13,9,2,2,45,24,13,13,5,3,5,20,19
1941-42,3,Atlético de Madrid,33,26,14,5,7,50,44,20,13,8,4,1,32,14,13,13,6,1,6,18,30
1941-42,4,Deportivo de La Coruña,28,26,12,4,10,36,37,22,13,11,0,2,24,12,6,13,1,4,8,12,25
1941-42,5,Celta de Vigo,28,26,11,6,9,53,58,17,13,7,3,3,32,22,11,13,4,3,6,21,36
1941-42,6,Sevilla,27,26,10,7,9,58,45,21,13,9,3,1,45,13,6,13,1,4,8,13,32
1941-42,7,Athletic Club de Bilbao,27,26,10,7,9,55,41,18,13,7,4,2,39,16,9,13,3,3,7,16,25
1941-42,8,Castellón,26,26,10,6,10,54,63,17,13,7,3,3,29,16,9,13,3,3,7,25,47
1941-42,9,Espanyol,26,26,10,6,10,49,42,16,13,6,4,3,32,13,10,13,4,2,7,17,29
1941-42,10,Granada,25,26,10,5,11,64,52,19,13,9,1,3,48,17,6,13,1,4,8,16,35
1941-42,11,Oviedo,23,26,8,7,11,42,63,17,13,6,5,2,28,19,6,13,2,2,9,14,44
1941-42,12,Barcelona,19,26,8,3,15,57,66,15,13,7,1,5,38,26,4,13,1,2,10,19,40
1941-42,13,Alicante CD,17,26,6,5,15,42,71,15,13,6,3,4,26,20,2,13,0,2,11,16,51
1941-42,14,Real Sociedad,12,26,5,2,19,31,77,12,13,5,2,6,19,21,0,13,0,0,13,12,56
1942-43,1,Athletic Club de Bilbao,36,26,16,4,6,73,38,24,13,12,0,1,52,12,12,13,4,4,5,21,26
1942-43,2,Sevilla,33,26,15,3,8,63,47,24,13,12,0,1,40,15,9,13,3,3,7,23,32
1942-43,3,Barcelona,32,26,14,4,8,77,50,20,13,9,2,2,52,19,12,13,5,2,6,25,31
1942-43,4,Castellón,31,26,13,5,8,41,43,22,13,10,2,1,30,8,9,13,3,3,7,11,35
1942-43,5,Celta de Vigo,30,26,14,2,10,52,50,23,13,11,1,1,39,15,7,13,3,1,9,13,35
1942-43,6,Oviedo,28,26,12,4,10,53,63,20,13,8,4,1,37,22,8,13,4,0,9,16,41
1942-43,7,Valencia,27,26,10,7,9,58,45,19,13,8,3,2,45,19,8,13,2,4,7,13,26
1942-43,8,Atlético de Madrid,27,26,11,5,10,54,44,19,13,9,1,3,39,15,8,13,2,4,7,15,29
1942-43,9,Deportivo de La Coruña,26,26,7,12,7,35,32,13,13,3,7,3,18,15,13,13,4,5,4,17,17
1942-43,10,Real Madrid,25,26,10,5,11,52,50,17,13,7,3,3,29,17,8,13,3,2,8,23,33
1942-43,11,Espanyol,24,26,9,6,11,45,51,19,13,8,3,2,28,14,5,13,1,3,9,17,37
1942-43,12,Granada,22,26,9,4,13,56,68,16,13,7,2,4,32,23,6,13,2,2,9,24,45
1942-43,13,Zaragoza,13,26,2,9,15,25,57,9,13,2,5,6,16,21,4,13,0,4,9,9,36
1942-43,14,Betis,10,26,2,6,18,28,74,9,13,2,5,6,17,23,1,13,0,1,12,11,51
1943-44,1,Valencia,40,26,18,4,4,73,32,23,13,11,1,1,46,15,17,13,7,3,3,27,17
1943-44,2,Atlético de Madrid,34,26,15,4,7,66,49,22,13,10,2,1,40,17,12,13,5,2,6,26,32
1943-44,3,Sevilla,32,26,12,8,6,60,46,18,13,7,4,2,36,19,14,13,5,4,4,24,27
1943-44,4,Oviedo,29,26,12,5,9,71,47,22,13,10,2,1,49,17,7,13,2,3,8,22,30
1943-44,5,Castellón,29,26,13,3,10,42,36,21,13,10,1,2,30,10,8,13,3,2,8,12,26
1943-44,6,Barcelona,28,26,10,8,8,59,46,16,13,6,4,3,35,21,12,13,4,4,5,24,25
1943-44,7,Real Madrid,28,26,11,6,9,48,38,18,13,8,2,3,32,18,10,13,3,4,6,16,20
1943-44,8,Granada,26,26,9,8,9,41,46,18,13,7,4,2,29,17,8,13,2,4,7,12,29
1943-44,9,Sabadell,25,26,11,3,12,53,60,19,13,8,3,2,31,16,6,13,3,0,10,22,44
1943-44,10,Athletic Club de Bilbao,25,26,10,5,11,47,51,17,13,7,3,3,27,17,8,13,3,2,8,20,34
1943-44,11,Espanyol,23,26,9,5,12,42,50,15,13,6,3,4,29,16,8,13,3,2,8,13,34
1943-44,12,Deportivo de La Coruña,19,26,6,7,13,35,64,13,13,5,3,5,18,26,6,13,1,4,8,17,38
1943-44,13,Real Sociedad,17,26,5,7,14,34,54,12,13,4,4,5,24,21,5,13,1,3,9,10,33
1943-44,14,Celta de Vigo,9,26,2,5,19,23,75,7,13,2,3,8,11,27,2,13,0,2,11,12,48
1944-45,1,Barcelona,39,26,17,5,4,50,30,23,13,11,1,1,32,10,16,13,6,4,3,18,20
1944-45,2,Real Madrid,38,26,18,2,6,68,35,25,13,12,1,0,49,9,13,13,6,1,6,19,26
1944-45,3,Atlético de Madrid,31,26,13,5,8,46,41,21,13,9,3,1,30,14,10,13,4,2,7,16,27
1944-45,4,Oviedo,31,26,13,5,8,50,48,24,13,11,2,0,36,10,7,13,2,3,8,14,38
1944-45,5,Valencia,30,26,12,6,8,61,35,22,13,10,2,1,45,11,8,13,2,4,7,16,24
1944-45,6,Athletic Club de Bilbao,30,26,14,2,10,54,41,17,13,8,1,4,34,15,13,13,6,1,6,20,26
1944-45,7,Gijón,24,26,9,6,11,42,46,17,13,8,1,4,32,17,7,13,1,5,7,10,29
1944-45,8,Castellón,24,26,10,4,12,43,50,18,13,8,2,3,31,13,6,13,2,2,9,12,37
1944-45,9,Espanyol,23,26,10,3,13,44,39,16,13,7,2,4,31,17,7,13,3,1,9,13,22
1944-45,10,Sevilla,22,26,9,4,13,52,49,19,13,8,3,2,41,12,3,13,1,1,11,11,37
1944-45,11,Murcia,19,26,7,5,14,40,58,18,13,7,4,2,26,15,1,13,0,1,12,14,43
1944-45,12,Granada,19,26,7,5,14,40,55,16,13,7,2,4,26,13,3,13,0,3,10,14,42
1944-45,13,Sabadell,17,26,6,5,15,30,67,12,13,4,4,5,19,22,5,13,2,1,10,11,45
1944-45,14,Deportivo de La Coruña,17,26,5,7,14,36,62,14,13,5,4,4,26,20,3,13,0,3,10,10,42
1945-46,1,Sevilla,36,26,14,8,4,53,37,23,13,11,1,1,36,17,13,13,3,7,3,17,20
1945-46,2,Barcelona,35,26,14,7,5,48,31,21,13,9,3,1,27,14,14,13,5,4,4,21,17
1945-46,3,Athletic Club de Bilbao,33,26,14,5,7,63,38,19,13,9,1,3,41,21,14,13,5,4,4,22,17
1945-46,4,Real Madrid,31,26,11,9,6,46,30,21,13,8,5,0,29,10,10,13,3,4,6,17,20
1945-46,5,Oviedo,30,26,10,10,6,44,37,18,13,6,6,1,23,14,12,13,4,4,5,21,23
1945-46,6,Valencia,28,26,9,10,7,44,36,18,13,7,4,2,32,14,10,13,2,6,5,12,22
1945-46,7,Atlético de Madrid,26,26,10,6,10,50,48,22,13,9,4,0,32,11,4,13,1,2,10,18,37
1945-46,8,Castellón,26,26,11,4,11,38,54,21,13,9,3,1,26,12,5,13,2,1,10,12,42
1945-46,9,Gijón,25,26,9,7,10,37,39,17,13,7,3,3,20,12,8,13,2,4,7,17,27
1945-46,10,Celta de Vigo,21,26,9,3,14,57,56,18,13,8,2,3,40,19,3,13,1,1,11,17,37
1945-46,11,Murcia,20,26,5,10,11,21,39,12,13,3,6,4,13,17,8,13,2,4,7,8,22
1945-46,12,Espanyol,19,26,6,7,13,41,53,15,13,6,3,4,29,22,4,13,0,4,9,12,31
1945-46,13,Alcoyano,19,26,7,5,14,39,54,16,13,6,4,3,27,20,3,13,1,1,11,12,34
1945-46,14,Hércules,15,26,5,5,16,30,59,13,13,5,3,5,15,18,2,13,0,2,11,15,41
1946-47,1,Valencia,34,26,16,2,8,54,34,22,13,11,0,2,36,10,12,13,5,2,6,18,24
1946-47,2,Athletic Club de Bilbao,34,26,15,4,7,72,38,24,13,12,0,1,48,11,10,13,3,4,6,24,27
1946-47,3,Atlético de Madrid,32,26,13,6,7,58,44,17,13,6,5,2,37,24,15,13,7,1,5,21,20
1946-47,4,Barcelona,31,26,14,3,9,59,42,22,13,10,2,1,41,15,9,13,4,1,8,18,27
1946-47,5,Sabadell,30,26,11,8,7,42,36,18,13,6,6,1,28,16,12,13,5,2,6,14,20
1946-47,6,Sevilla,29,26,12,5,9,54,48,22,13,10,2,1,39,13,7,13,2,3,8,15,35
1946-47,7,Real Madrid,27,26,11,5,10,62,56,17,13,8,1,4,40,23,10,13,3,4,6,22,33
1946-47,8,Oviedo,27,26,10,7,9,52,42,21,13,10,1,2,36,11,6,13,0,6,7,16,31
1946-47,9,Celta de Vigo,26,26,11,4,11,53,48,18,13,8,2,3,36,23,8,13,3,2,8,17,25
1946-47,10,Gijón,25,26,10,5,11,51,59,20,13,9,2,2,30,13,5,13,1,3,9,21,46
1946-47,11,Espanyol,19,26,9,1,16,46,59,16,13,8,0,5,30,17,3,13,1,1,11,16,42
1946-47,12,Murcia,19,26,6,7,13,30,58,12,13,4,4,5,15,17,7,13,2,3,8,15,41
1946-47,13,Deportivo de La Coruña,18,26,5,8,13,32,60,17,13,5,7,1,26,17,1,13,0,1,12,6,43
1946-47,14,Castellón,13,26,4,5,17,39,80,11,13,4,3,6,25,27,2,13,0,2,11,14,53
1947-48,1,Barcelona,37,26,15,7,4,65,31,23,13,10,3,0,40,9,14,13,5,4,4,25,22
1947-48,2,Valencia,34,26,15,4,7,59,34,23,13,11,1,1,39,13,11,13,4,3,6,20,21
1947-48,3,Atlético de Madrid,33,26,13,7,6,73,45,23,13,10,3,0,52,21,10,13,3,4,6,21,24
1947-48,4,Celta de Vigo,31,26,14,3,9,59,48,25,13,12,1,0,44,12,6,13,2,2,9,15,36
1947-48,5,Sevilla,29,26,12,5,9,50,40,23,13,11,1,1,39,10,6,13,1,4,8,11,30
1947-48,6,Athletic Club de Bilbao,28,26,12,4,10,56,44,18,13,8,2,3,38,14,10,13,4,2,7,18,30
1947-48,7,Gimnàstic de Tarragona,24,26,10,4,12,49,55,20,13,9,2,2,33,13,4,13,1,2,10,16,42
1947-48,8,Espanyol,24,26,9,6,11,39,47,18,13,8,2,3,25,15,6,13,1,4,8,14,32
1947-48,9,Oviedo,23,26,9,5,12,49,57,19,13,7,5,1,36,16,4,13,2,0,11,13,41
1947-48,10,Alcoyano,22,26,9,4,13,40,52,19,13,9,1,3,24,14,3,13,0,3,10,16,38
1947-48,11,Real Madrid,21,26,7,7,12,41,56,16,13,6,4,3,26,16,5,13,1,3,9,15,40
1947-48,12,Sabadell,21,26,9,3,14,41,62,15,13,6,3,4,30,23,6,13,3,0,10,11,39
1947-48,13,Real Sociedad,19,26,8,3,15,38,56,17,13,7,3,3,27,15,2,13,1,0,12,11,41
1947-48,14,Gijón,18,26,7,4,15,37,69,14,13,6,2,5,25,27,4,13,1,2,10,12,42
1948-49,1,Barcelona,37,26,16,5,5,66,36,26,13,13,0,0,50,14,11,13,3,5,5,16,22
1948-49,2,Valencia,35,26,16,3,7,78,47,25,13,12,1,0,55,17,10,13,4,2,7,23,30
1948-49,3,Real Madrid,34,26,15,4,7,67,42,20,13,10,0,3,38,17,14,13,5,4,4,29,25
1948-49,4,Atlético de Madrid,34,26,15,4,7,54,32,22,13,10,2,1,36,8,12,13,5,2,6,18,24
1948-49,5,Oviedo,30,26,13,4,9,50,43,20,13,9,2,2,33,17,10,13,4,2,7,17,26
1948-49,6,Athletic Club de Bilbao,24,26,11,2,13,61,63,20,13,10,0,3,43,20,4,13,1,2,10,18,43
1948-49,7,Espanyol,24,26,10,4,12,51,46,22,13,9,4,0,39,14,2,13,1,0,12,12,32
1948-49,8,Sevilla,23,26,11,1,14,35,40,16,13,8,0,5,25,18,7,13,3,1,9,10,22
1948-49,9,Gimnàstic de Tarragona,23,26,10,3,13,59,72,18,13,8,2,3,37,27,5,13,2,1,10,22,45
1948-49,10,Deportivo de La Coruña,22,26,9,4,13,56,60,18,13,8,2,3,40,19,4,13,1,2,10,16,41
1948-49,11,Celta de Vigo,22,26,9,4,13,51,64,21,13,9,3,1,38,22,1,13,0,1,12,13,42
1948-49,12,Valladolid,22,26,10,2,14,38,59,22,13,10,2,1,26,9,0,13,0,0,13,12,50
1948-49,13,Alcoyano,21,26,8,5,13,30,54,19,13,8,3,2,18,10,2,13,0,2,11,12,44
1948-49,14,Sabadell,13,26,5,3,18,43,81,13,13,5,3,5,25,24,0,13,0,0,13,18,57
1949-50,1,Atlético de Madrid,33,26,15,3,8,71,51,22,13,10,2,1,53,26,11,13,5,1,7,18,25
1949-50,2,Deportivo de La Coruña,32,26,12,8,6,48,38,22,13,9,4,0,30,11,10,13,3,4,6,18,27
1949-50,3,Valencia,31,26,12,7,7,71,43,22,13,10,2,1,44,8,9,13,2,5,6,27,35
1949-50,4,Real Madrid,31,26,11,9,6,60,49,20,13,7,6,0,37,18,11,13,4,3,6,23,31
1949-50,5,Barcelona,29,26,13,3,10,67,47,21,13,10,1,2,45,9,8,13,3,2,8,22,38
1949-50,6,Athletic Club de Bilbao,29,26,12,5,9,72,66,21,13,10,1,2,45,20,8,13,2,4,7,27,46
1949-50,7,Celta de Vigo,28,26,13,2,11,63,50,21,13,10,1,2,45,18,7,13,3,1,9,18,32
1949-50,8,Real Sociedad,27,26,9,9,8,57,43,17,13,7,3,3,36,13,10,13,2,6,5,21,30
1949-50,9,Valladolid,25,26,8,9,9,49,46,17,13,6,5,2,30,18,8,13,2,4,7,19,28
1949-50,10,Sevilla,25,26,11,3,12,60,61,18,13,8,2,3,46,23,7,13,3,1,9,14,38
1949-50,11,Espanyol,22,26,8,6,12,42,64,17,13,6,5,2,29,23,5,13,2,1,10,13,41
1949-50,12,Málaga,21,26,8,5,13,44,51,18,13,8,2,3,31,18,3,13,0,3,10,13,33
1949-50,13,Gimnàstic de Tarragona,16,26,7,2,17,39,99,15,13,7,1,5,30,32,1,13,0,1,12,9,67
1949-50,14,Oviedo,15,26,4,7,15,30,65,12,13,4,4,5,17,18,3,13,0,3,10,13,47
1950-51,1,Atlético de Madrid,40,30,17,6,7,87,50,27,15,12,3,0,61,19,13,15,5,3,7,26,31
1950-51,2,Sevilla,38,30,17,4,9,79,46,29,15,14,1,0,56,8,9,15,3,3,9,23,38
1950-51,3,Valencia,37,30,17,3,10,64,48,24,15,11,2,2,38,18,13,15,6,1,8,26,30
1950-51,4,Barcelona,35,30,16,3,11,83,61,29,15,14,1,0,61,17,6,15,2,2,11,22,44
1950-51,5,Real Sociedad,35,30,15,5,10,77,56,29,15,14,1,0,56,11,6,15,1,4,10,21,45
1950-51,6,Valladolid,33,30,14,5,11,51,51,22,15,10,2,3,32,14,11,15,4,3,8,19,37
1950-51,7,Athletic Club de Bilbao,33,30,15,3,12,88,56,26,15,12,2,1,68,22,7,15,3,1,11,20,34
1950-51,8,Celta de Vigo,33,30,15,3,12,62,56,22,15,10,2,3,39,16,11,15,5,1,9,23,40
1950-51,9,Real Madrid,31,30,13,5,12,80,71,22,15,9,4,2,54,23,9,15,4,1,10,26,48
1950-51,10,Santander,30,30,12,6,12,49,60,24,15,10,4,1,34,16,6,15,2,2,11,15,44
1950-51,11,Espanyol,30,30,13,4,13,82,72,27,15,13,1,1,61,24,3,15,0,3,12,21,48
1950-51,12,Deportivo de La Coruña,30,30,13,4,13,64,47,22,15,10,2,3,44,12,8,15,3,2,10,20,35
1950-51,13,Málaga,29,30,12,5,13,55,52,24,15,11,2,2,36,10,5,15,1,3,11,19,42
1950-51,14,Murcia,19,30,8,3,19,40,86,17,15,8,1,6,32,30,2,15,0,2,13,8,56
1950-51,15,Alcoyano,14,30,6,2,22,36,92,12,15,5,2,8,22,26,2,15,1,0,14,14,66
1950-51,16,Lérida,13,30,6,1,23,41,134,13,15,6,1,8,32,46,0,15,0,0,15,9,88
1951-52,1,Barcelona,43,30,19,5,6,92,43,27,15,13,1,1,63,17,16,15,6,4,5,29,26
1951-52,2,Athletic Club de Bilbao,40,30,17,6,7,78,46,25,15,12,1,2,51,17,15,15,5,5,5,27,29
1951-52,3,Real Madrid,38,30,16,6,8,79,50,28,15,13,2,0,50,16,10,15,3,4,8,29,34
1951-52,4,Atlético de Madrid,37,30,16,5,9,80,57,25,15,11,3,1,51,19,12,15,5,2,8,29,38
1951-52,5,Valencia,35,30,15,5,10,68,51,25,15,11,3,1,46,13,10,15,4,2,9,22,38
1951-52,6,Sevilla,32,30,14,4,12,69,57,28,15,13,2,0,50,15,4,15,1,2,12,19,42
1951-52,7,Espanyol,32,30,14,4,12,69,62,25,15,12,1,2,44,19,7,15,2,3,10,25,43
1951-52,8,Valladolid,29,30,9,11,10,47,43,22,15,9,4,2,35,15,7,15,0,7,8,12,28
1951-52,9,Celta de Vigo,27,30,12,3,15,64,66,24,15,11,2,2,48,19,3,15,1,1,13,16,47
1951-52,10,Real Sociedad,26,30,11,4,15,60,59,22,15,10,2,3,43,19,4,15,1,2,12,17,40
1951-52,11,Deportivo de La Coruña,25,30,10,5,15,46,70,22,15,9,4,2,32,19,3,15,1,1,13,14,51
1951-52,12,Zaragoza,25,30,10,5,15,54,73,20,15,9,2,4,38,30,5,15,1,3,11,16,43
1951-52,13,Gijón,25,30,10,5,15,49,75,20,15,8,4,3,31,20,5,15,2,1,12,18,55
1951-52,14,Santander,25,30,9,7,14,45,65,19,15,8,3,4,32,22,6,15,1,4,10,13,43
1951-52,15,Las Palmas,22,30,9,4,17,36,85,21,15,9,3,3,28,21,1,15,0,1,14,8,64
1951-52,16,Atlético Tetuán,19,30,7,5,18,51,85,17,15,6,5,4,36,28,2,15,1,0,14,15,57
1952-53,1,Barcelona,42,30,19,4,7,82,43,30,15,15,0,0,54,16,12,15,4,4,7,28,27
1952-53,2,Valencia,40,30,16,8,6,66,42,26,15,12,2,1,44,16,14,15,4,6,5,22,26
1952-53,3,Real Madrid,39,30,18,3,9,67,49,27,15,13,1,1,43,17,12,15,5,2,8,24,32
1952-53,4,Espanyol,36,30,16,4,10,64,40,26,15,13,0,2,49,17,10,15,3,4,8,15,23
1952-53,5,Sevilla,34,30,16,2,12,70,57,27,15,13,1,1,50,19,7,15,3,1,11,20,38
1952-53,6,Athletic Club de Bilbao,32,30,14,4,12,83,52,27,15,12,3,0,65,17,5,15,2,1,12,18,35
1952-53,7,Gijón,30,30,11,8,11,39,54,20,15,8,4,3,24,13,10,15,3,4,8,15,41
1952-53,8,Atlético de Madrid,30,30,13,4,13,65,70,22,15,10,2,3,44,24,8,15,3,2,10,21,46
1952-53,9,Oviedo,29,30,12,5,13,63,62,22,15,10,2,3,44,24,7,15,2,3,10,19,38
1952-53,10,Real Sociedad,28,30,10,8,12,54,61,21,15,8,5,2,35,18,7,15,2,3,10,19,43
1952-53,11,Santander,27,30,11,5,14,46,61,18,15,7,4,4,30,21,9,15,4,1,10,16,40
1952-53,12,Valladolid,25,30,10,5,15,48,54,18,15,8,2,5,27,20,7,15,2,3,10,21,34
1952-53,13,Celta de Vigo,25,30,10,5,15,54,69,24,15,10,4,1,38,13,1,15,0,1,14,16,56
1952-53,14,Deportivo de La Coruña,24,30,9,6,15,49,78,18,15,7,4,4,27,19,6,15,2,2,11,22,59
1952-53,15,Málaga,22,30,10,2,18,47,69,18,15,8,2,5,33,25,4,15,2,0,13,14,44
1952-53,16,Zaragoza,17,30,6,5,19,38,74,13,15,5,3,7,22,27,4,15,1,2,12,16,47
1953-54,1,Real Madrid,40,30,17,6,7,72,41,25,15,12,1,2,42,13,15,15,5,5,5,30,28
1953-54,2,Barcelona,36,30,16,4,10,74,39,27,15,13,1,1,60,14,9,15,3,3,9,14,25
1953-54,3,Valencia,34,30,14,6,10,69,51,25,15,11,3,1,48,16,9,15,3,3,9,21,35
1953-54,4,Espanyol,34,30,14,6,10,50,36,23,15,10,3,2,30,10,11,15,4,3,8,20,26
1953-54,5,Sevilla,32,30,15,2,13,57,49,27,15,13,1,1,41,17,5,15,2,1,12,16,32
1953-54,6,Athletic Club de Bilbao,32,30,12,8,10,54,44,18,15,7,4,4,31,17,14,15,5,4,6,23,27
1953-54,7,Deportivo de La Coruña,31,30,13,5,12,41,46,24,15,10,4,1,27,9,7,15,3,1,11,14,37
1953-54,8,Santander,31,30,12,7,11,53,61,23,15,9,5,1,31,18,8,15,3,2,10,22,43
1953-54,9,Real Sociedad,29,30,11,7,12,44,58,17,15,7,3,5,26,26,12,15,4,4,7,18,32
1953-54,10,Celta de Vigo,29,30,12,5,13,47,54,22,15,10,2,3,30,16,7,15,2,3,10,17,38
1953-54,11,Atlético de Madrid,29,30,11,7,12,57,47,22,15,10,2,3,42,20,7,15,1,5,9,15,27
1953-54,12,Valladolid,29,30,12,5,13,50,60,21,15,9,3,3,30,23,8,15,3,2,10,20,37
1953-54,13,Osasuna,28,30,12,4,14,46,54,23,15,10,3,2,32,19,5,15,2,1,12,14,35
1953-54,14,Jaén,28,30,11,6,13,55,70,23,15,10,3,2,43,22,5,15,1,3,11,12,48
1953-54,15,Oviedo,22,30,8,6,16,31,53,17,15,7,3,5,21,17,5,15,1,3,11,10,36
1953-54,16,Gijón,16,30,7,2,21,44,81,14,15,6,2,7,28,25,2,15,1,0,14,16,56
1954-55,1,Real Madrid,46,30,20,6,4,80,31,27,15,13,1,1,49,10,19,15,7,5,3,31,21
1954-55,2,Barcelona,41,30,17,7,6,75,39,26,15,12,2,1,53,15,15,15,5,5,5,22,24
1954-55,3,Athletic Club de Bilbao,39,30,15,9,6,78,39,24,15,10,4,1,48,12,15,15,5,5,5,30,27
1954-55,4,Sevilla,34,30,15,4,11,74,58,24,15,11,2,2,50,22,10,15,4,2,9,24,36
1954-55,5,Valencia,33,30,15,3,12,71,60,25,15,12,1,2,53,19,8,15,3,2,10,18,41
1954-55,6,Hércules,31,30,11,9,10,46,57,26,15,11,4,0,34,13,5,15,0,5,10,12,44
1954-55,7,Deportivo de La Coruña,30,30,12,6,12,52,59,26,15,11,4,0,37,19,4,15,1,2,12,15,40
1954-55,8,Atlético de Madrid,29,30,11,7,12,59,64,19,15,8,3,4,38,26,10,15,3,4,8,21,38
1954-55,9,Valladolid,27,30,11,5,14,48,56,20,15,9,2,4,27,21,7,15,2,3,10,21,35
1954-55,10,Alavés,27,30,11,5,14,51,62,21,15,9,3,3,37,20,6,15,2,2,11,14,42
1954-55,11,Celta de Vigo,27,30,10,7,13,55,60,25,15,10,5,0,41,12,2,15,0,2,13,14,48
1954-55,12,Las Palmas,27,30,10,7,13,45,69,25,15,10,5,0,36,15,2,15,0,2,13,9,54
1954-55,13,Espanyol,26,30,8,10,12,42,46,19,15,7,5,3,27,17,7,15,1,5,9,15,29
1954-55,14,Real Sociedad,24,30,9,6,15,48,53,19,15,8,3,4,34,16,5,15,1,3,11,14,37
1954-55,15,Santander,20,30,9,2,19,39,81,20,15,9,2,4,29,28,0,15,0,0,15,10,53
1954-55,16,Málaga,19,30,6,7,17,36,65,14,15,5,4,6,20,21,5,15,1,3,11,16,44
1955-56,1,Athletic Club de Bilbao,48,30,22,4,4,79,31,29,15,14,1,0,51,12,19,15,8,3,4,28,19
1955-56,2,Barcelona,47,30,22,3,5,67,26,27,15,13,1,1,41,14,20,15,9,2,4,26,12
1955-56,3,Real Madrid,38,30,18,2,10,81,39,26,15,13,0,2,58,18,12,15,5,2,8,23,21
1955-56,4,Sevilla,36,30,17,2,11,75,44,27,15,13,1,1,49,5,9,15,4,1,10,26,39
1955-56,5,Atlético de Madrid,33,30,14,5,11,75,49,23,15,11,1,3,57,19,10,15,3,4,8,18,30
1955-56,6,Valencia,32,30,13,6,11,58,50,26,15,12,2,1,44,13,6,15,1,4,10,14,37
1955-56,7,Espanyol,31,30,14,3,13,50,56,22,15,10,2,3,36,17,9,15,4,1,10,14,39
1955-56,8,Real Sociedad,30,30,11,8,11,48,53,24,15,10,4,1,38,18,6,15,1,4,10,10,35
1955-56,9,Valladolid,30,30,13,4,13,52,55,26,15,12,2,1,40,13,4,15,1,2,12,12,42
1955-56,10,Celta de Vigo,27,30,12,3,15,52,75,24,15,11,2,2,35,15,3,15,1,1,13,17,60
1955-56,11,Las Palmas,26,30,11,4,15,49,60,18,15,8,2,5,31,18,8,15,3,2,10,18,42
1955-56,12,Deportivo de La Coruña,26,30,11,4,15,60,80,21,15,9,3,3,40,26,5,15,2,1,12,20,54
1955-56,13,Murcia,25,30,10,5,15,46,66,20,15,8,4,3,32,20,5,15,2,1,12,14,46
1955-56,14,Alavés,24,30,9,6,15,49,73,21,15,9,3,3,34,19,3,15,0,3,12,15,54
1955-56,15,Cultural Leonesa,14,30,5,4,21,34,65,10,15,4,2,9,19,25,4,15,1,2,12,15,40
1955-56,16,Hércules,13,30,5,3,22,33,86,13,15,5,3,7,22,29,0,15,0,0,15,11,57
1956-57,1,Real Madrid,44,30,20,4,6,74,35,26,15,12,2,1,46,12,18,15,8,2,5,28,23
1956-57,2,Sevilla,39,30,17,5,8,64,49,30,15,15,0,0,45,11,9,15,2,5,8,19,38
1956-57,3,Barcelona,39,30,16,7,7,70,37,28,15,13,2,0,48,14,11,15,3,5,7,22,23
1956-57,4,Athletic Club de Bilbao,37,30,16,5,9,59,45,26,15,12,2,1,42,10,11,15,4,3,8,17,35
1956-57,5,Atlético de Madrid,34,30,15,4,11,65,45,22,15,10,2,3,39,15,12,15,5,2,8,26,30
1956-57,6,Osasuna,31,30,12,7,11,40,38,24,15,11,2,2,31,13,7,15,1,5,9,9,25
1956-57,7,Espanyol,30,30,11,8,11,39,48,25,15,11,3,1,29,5,5,15,0,5,10,10,43
1956-57,8,Valladolid,28,30,11,6,13,52,58,22,15,9,4,2,41,21,6,15,2,2,11,11,37
1956-57,9,Zaragoza,28,30,11,6,13,37,51,21,15,9,3,3,26,15,7,15,2,3,10,11,36
1956-57,10,Las Palmas,27,30,9,9,12,41,58,21,15,8,5,2,25,17,6,15,1,4,10,16,41
1956-57,11,Valencia,27,30,10,7,13,43,46,22,15,9,4,2,32,17,5,15,1,3,11,11,29
1956-57,12,Real Sociedad,26,30,9,8,13,39,47,19,15,7,5,3,26,16,7,15,2,3,10,13,31
1956-57,13,Celta de Vigo,23,30,8,7,15,39,47,18,15,6,6,3,28,19,5,15,2,1,12,11,28
1956-57,14,Jaén,23,30,9,5,16,37,55,19,15,8,3,4,27,15,4,15,1,2,12,10,40
1956-57,15,Deportivo de La Coruña,22,30,10,2,18,41,61,18,15,9,0,6,30,24,4,15,1,2,12,11,37
1956-57,16,Condal,22,30,7,8,15,37,57,18,15,6,6,3,24,14,4,15,1,2,12,13,43
1957-58,1,Real Madrid,45,30,20,5,5,71,26,29,15,14,1,0,49,7,16,15,6,4,5,22,19
1957-58,2,Atlético de Madrid,42,30,16,10,4,78,43,25,15,11,3,1,52,18,17,15,5,7,3,26,25
1957-58,3,Barcelona,38,30,17,4,9,69,38,26,15,12,2,1,44,11,12,15,5,2,8,25,27
1957-58,4,Valencia,36,30,13,10,7,56,40,25,15,10,5,0,34,12,11,15,3,5,7,22,28
1957-58,5,Osasuna,35,30,15,5,10,53,43,26,15,11,4,0,38,14,9,15,4,1,10,15,29
1957-58,6,Athletic Club de Bilbao,32,30,14,4,12,56,48,24,15,11,2,2,40,17,8,15,3,2,10,16,31
1957-58,7,Celta de Vigo,32,30,13,6,11,50,51,22,15,10,2,3,30,18,10,15,3,4,8,20,33
1957-58,8,Espanyol,28,30,11,6,13,48,46,22,15,9,4,2,30,15,6,15,2,2,11,18,31
1957-58,9,Real Sociedad,27,30,10,7,13,38,44,21,15,8,5,2,26,16,6,15,2,2,11,12,28
1957-58,10,Sevilla,25,30,9,7,14,45,55,19,15,8,3,4,27,15,6,15,1,4,10,18,40
1957-58,11,Las Palmas,25,30,9,7,14,34,65,22,15,9,4,2,26,23,3,15,0,3,12,8,42
1957-58,12,Gijón,24,30,10,4,16,46,57,17,15,8,1,6,29,21,7,15,2,3,10,17,36
1957-58,13,Granada,24,30,11,2,17,35,53,21,15,10,1,4,24,15,3,15,1,1,13,11,38
1957-58,14,Zaragoza,24,30,8,8,14,39,52,19,15,7,5,3,26,19,5,15,1,3,11,13,33
1957-58,15,Valladolid,23,30,9,5,16,45,73,17,15,7,3,5,32,27,6,15,2,2,11,13,46
1957-58,16,Jaén,20,30,9,2,19,29,58,19,15,9,1,5,22,15,1,15,0,1,14,7,43
1958-59,1,Barcelona,51,30,24,3,3,96,26,30,15,15,0,0,65,10,21,15,9,3,3,31,16
1958-59,2,Real Madrid,47,30,21,5,4,89,29,28,15,13,2,0,65,8,19,15,8,3,4,24,21
1958-59,3,Athletic Club de Bilbao,36,30,17,2,11,72,33,24,15,12,0,3,52,12,12,15,5,2,8,20,21
1958-59,4,Valencia,33,30,13,7,10,47,41,22,15,9,4,2,31,12,11,15,4,3,8,16,29
1958-59,5,Atlético de Madrid,32,30,13,6,11,58,48,24,15,11,2,2,39,12,8,15,2,4,9,19,36
1958-59,6,Betis,32,30,14,4,12,54,53,23,15,11,1,3,38,18,9,15,3,3,9,16,35
1958-59,7,Espanyol,29,30,11,7,12,42,45,22,15,9,4,2,24,13,7,15,2,3,10,18,32
1958-59,8,Osasuna,28,30,12,4,14,44,59,22,15,10,2,3,32,22,6,15,2,2,11,12,37
1958-59,9,Zaragoza,28,30,12,4,14,47,60,24,15,11,2,2,34,13,4,15,1,2,12,13,47
1958-59,10,Real Sociedad,28,30,9,10,11,32,33,21,15,7,7,1,25,10,7,15,2,3,10,7,23
1958-59,11,Oviedo,27,30,11,5,14,31,49,18,15,8,2,5,20,19,9,15,3,3,9,11,30
1958-59,12,Sevilla,26,30,12,2,16,44,58,19,15,9,1,5,32,20,7,15,3,1,11,12,38
1958-59,13,Granada,26,30,11,4,15,30,43,23,15,10,3,2,25,11,3,15,1,1,13,5,32
1958-59,14,Las Palmas,24,30,10,4,16,43,69,20,15,9,2,4,30,16,4,15,1,2,12,13,53
1958-59,15,Gijón,20,30,7,6,17,25,70,17,15,7,3,5,16,20,3,15,0,3,12,9,50
1958-59,16,Celta de Vigo,13,30,4,5,21,21,59,12,15,4,4,7,15,16,1,15,0,1,14,6,43
1959-60,1,Barcelona,46,30,22,2,6,86,28,30,15,15,0,0,60,10,16,15,7,2,6,26,18
1959-60,2,Real Madrid,46,30,21,4,5,92,36,30,15,15,0,0,63,9,16,15,6,4,5,29,27
1959-60,3,Athletic Club de Bilbao,39,30,19,1,10,74,45,26,15,13,0,2,53,18,13,15,6,1,8,21,27
1959-60,4,Sevilla,36,30,16,4,10,63,44,24,15,11,2,2,36,11,12,15,5,2,8,27,33
1959-60,5,Atlético de Madrid,33,30,15,3,12,59,40,17,15,7,3,5,34,18,16,15,8,0,7,25,22
1959-60,6,Oviedo,33,30,13,7,10,38,51,24,15,10,4,1,25,10,9,15,3,3,9,13,41
1959-60,7,Betis,33,30,15,3,12,42,53,20,15,9,2,4,25,19,13,15,6,1,8,17,34
1959-60,8,Espanyol,30,30,11,8,11,33,29,22,15,9,4,2,25,11,8,15,2,4,9,8,18
1959-60,9,Valencia,28,30,11,6,13,37,33,23,15,10,3,2,27,10,5,15,1,3,11,10,23
1959-60,10,Elche,27,30,11,5,14,41,64,21,15,10,1,4,27,21,6,15,1,4,10,14,43
1959-60,11,Zaragoza,25,30,10,5,15,49,58,20,15,8,4,3,38,20,5,15,2,1,12,11,38
1959-60,12,Granada,25,30,10,5,15,38,52,20,15,8,4,3,22,12,5,15,2,1,12,16,40
1959-60,13,Valladolid,25,30,11,3,16,48,61,22,15,10,2,3,36,18,3,15,1,1,13,12,43
1959-60,14,Real Sociedad,23,30,10,3,17,41,61,21,15,10,1,4,33,18,2,15,0,2,13,8,43
1959-60,15,Osasuna,18,30,8,2,20,42,75,13,15,6,1,8,27,28,5,15,2,1,12,15,47
1959-60,16,Las Palmas,13,30,5,3,22,24,77,11,15,5,1,9,16,27,2,15,0,2,13,8,50
1960-61,1,Real Madrid,52,30,24,4,2,89,25,29,15,14,1,0,55,8,23,15,10,3,2,34,17
1960-61,2,Atlético de Madrid,40,30,17,6,7,57,35,27,15,12,3,0,40,13,13,15,5,3,7,17,22
1960-61,3,Zaragoza,33,30,12,9,9,54,53,22,15,8,6,1,35,17,11,15,4,3,8,19,36
1960-61,4,Barcelona,32,30,13,6,11,62,47,20,15,8,4,3,44,27,12,15,5,2,8,18,20
1960-61,5,Valencia,32,30,11,10,9,46,42,22,15,10,2,3,30,10,10,15,1,8,6,16,32
1960-61,6,Athletic Club de Bilbao,30,30,12,6,12,42,41,18,15,8,2,5,29,19,12,15,4,4,7,13,22
1960-61,7,Betis,30,30,11,8,11,42,44,20,15,8,4,3,28,17,10,15,3,4,8,14,27
1960-61,8,Real Sociedad,30,30,10,10,10,37,46,22,15,9,4,2,24,16,8,15,1,6,8,13,30
1960-61,9,Mallorca,28,30,12,4,14,38,41,24,15,10,4,1,28,7,4,15,2,0,13,10,34
1960-61,10,Espanyol,27,30,12,3,15,46,46,19,15,9,1,5,33,15,8,15,3,2,10,13,31
1960-61,11,Sevilla,27,30,9,9,12,42,46,15,15,6,3,6,23,19,12,15,3,6,6,19,27
1960-61,12,Santander,26,30,11,4,15,42,47,23,15,10,3,2,29,8,3,15,1,1,13,13,39
1960-61,13,Oviedo,26,30,10,6,14,39,54,23,15,9,5,1,26,10,3,15,1,1,13,13,44
1960-61,14,Elche,25,30,9,7,14,48,75,21,15,9,3,3,34,22,4,15,0,4,11,14,53
1960-61,15,Valladolid,25,30,11,3,16,39,52,20,15,9,2,4,28,15,5,15,2,1,12,11,37
1960-61,16,Granada,17,30,5,7,18,32,61,12,15,4,4,7,24,22,5,15,1,3,11,8,39
1961-62,1,Real Madrid,43,30,19,5,6,58,24,28,15,13,2,0,38,9,15,15,6,3,6,20,15
1961-62,2,Barcelona,40,30,18,4,8,81,46,29,15,14,1,0,59,16,11,15,4,3,8,22,30
1961-62,3,Atlético de Madrid,36,30,15,6,9,50,36,27,15,12,3,0,35,9,9,15,3,3,9,15,27
1961-62,4,Zaragoza,35,30,15,5,10,70,51,28,15,13,2,0,53,18,7,15,2,3,10,17,33
1961-62,5,Athletic Club de Bilbao,32,30,12,8,10,52,38,18,15,7,4,4,28,14,14,15,5,4,6,24,24
1961-62,6,Sevilla,31,30,12,7,11,48,45,24,15,10,4,1,28,9,7,15,2,3,10,20,36
1961-62,7,Valencia,31,30,12,7,11,50,50,27,15,12,3,0,39,15,4,15,0,4,11,11,35
1961-62,8,Elche,29,30,10,9,11,52,52,22,15,9,4,2,37,19,7,15,1,5,9,15,33
1961-62,9,Betis,28,30,10,8,12,39,51,22,15,9,4,2,31,17,6,15,1,4,10,8,34
1961-62,10,Oviedo,27,30,10,7,13,27,47,20,15,8,4,3,13,9,7,15,2,3,10,14,38
1961-62,11,Mallorca,27,30,11,5,14,30,47,20,15,9,2,4,22,18,7,15,2,3,10,8,29
1961-62,12,Osasuna,27,30,10,7,13,54,59,20,15,9,2,4,38,23,7,15,1,5,9,16,36
1961-62,13,Espanyol,26,30,8,10,12,45,55,15,15,4,7,4,21,20,11,15,4,3,8,24,35
1961-62,14,Santander,26,30,11,4,15,35,54,22,15,10,2,3,26,15,4,15,1,2,12,9,39
1961-62,15,Real Sociedad,23,30,9,5,16,37,49,19,15,8,3,4,23,10,4,15,1,2,12,14,39
1961-62,16,Tenerife,19,30,6,7,17,33,57,15,15,5,5,5,24,25,4,15,1,2,12,9,32
1962-63,1,Real Madrid,49,30,23,3,4,83,33,30,15,15,0,0,49,14,19,15,8,3,4,34,19
1962-63,2,Atlético de Madrid,37,30,14,9,7,61,36,27,15,12,3,0,44,10,10,15,2,6,7,17,26
1962-63,3,Oviedo,33,30,15,3,12,52,46,26,15,12,2,1,37,9,7,15,3,1,11,15,37
1962-63,4,Valladolid,33,30,15,3,12,51,53,28,15,14,0,1,33,10,5,15,1,3,11,18,43
1962-63,5,Zaragoza,32,30,14,4,12,54,39,24,15,11,2,2,39,16,8,15,3,2,10,15,23
1962-63,6,Barcelona,31,30,11,9,10,45,36,21,15,7,7,1,23,12,10,15,4,2,9,22,24
1962-63,7,Valencia,31,30,14,3,13,49,36,23,15,11,1,3,40,15,8,15,3,2,10,9,21
1962-63,8,Elche,29,30,11,7,12,48,59,17,15,7,3,5,27,20,12,15,4,4,7,21,39
1962-63,9,Betis,28,30,12,4,14,41,47,22,15,10,2,3,28,18,6,15,2,2,11,13,29
1962-63,10,Athletic Club de Bilbao,28,30,10,8,12,41,40,19,15,8,3,4,28,18,9,15,2,5,8,13,22
1962-63,11,Sevilla,27,30,11,5,14,40,55,22,15,10,2,3,31,25,5,15,1,3,11,9,30
1962-63,12,Córdoba,27,30,12,3,15,35,39,21,15,9,3,3,27,10,6,15,3,0,12,8,29
1962-63,13,Mallorca,26,30,11,4,15,47,57,22,15,10,2,3,29,9,4,15,1,2,12,18,48
1962-63,14,Deportivo de La Coruña,25,30,11,3,16,33,48,21,15,9,3,3,19,13,4,15,2,0,13,14,35
1962-63,15,Osasuna,24,30,9,6,15,39,50,20,15,9,2,4,30,16,4,15,0,4,11,9,34
1962-63,16,Málaga,20,30,8,4,18,25,70,16,15,6,4,5,18,27,4,15,2,0,13,7,43
1963-64,1,Real Madrid,46,30,22,2,6,61,23,28,15,13,2,0,39,10,18,15,9,0,6,22,13
1963-64,2,Barcelona,42,30,19,4,7,74,38,27,15,13,1,1,51,15,15,15,6,3,6,23,23
1963-64,3,Betis,37,30,15,7,8,47,36,26,15,12,2,1,32,9,11,15,3,5,7,15,27
1963-64,4,Zaragoza,34,30,14,6,10,52,42,25,15,11,3,1,38,18,9,15,3,3,9,14,24
1963-64,5,Elche,33,30,13,7,10,35,31,25,15,11,3,1,25,10,8,15,2,4,9,10,21
1963-64,6,Valencia,32,30,16,0,14,53,47,26,15,13,0,2,41,16,6,15,3,0,12,12,31
1963-64,7,Atlético de Madrid,29,30,10,9,11,37,34,19,15,8,3,4,24,12,10,15,2,6,7,13,22
1963-64,8,Athletic Club de Bilbao,29,30,12,5,13,43,40,21,15,9,3,3,30,13,8,15,3,2,10,13,27
1963-64,9,Sevilla,29,30,9,11,10,33,38,23,15,9,5,1,24,8,6,15,0,6,9,9,30
1963-64,10,Levante,27,30,10,7,13,43,56,20,15,9,2,4,25,14,7,15,1,5,9,18,42
1963-64,11,Córdoba,26,30,10,6,14,32,38,22,15,10,2,3,21,7,4,15,0,4,11,11,31
1963-64,12,Murcia,26,30,11,4,15,41,54,22,15,10,2,3,24,18,4,15,1,2,12,17,36
1963-64,13,Espanyol,25,30,10,5,15,34,47,25,15,10,5,0,28,9,0,15,0,0,15,6,38
1963-64,14,Oviedo,25,30,10,5,15,27,42,20,15,8,4,3,18,14,5,15,2,1,12,9,28
1963-64,15,Pontevedra,21,30,8,5,17,30,45,17,15,7,3,5,19,13,4,15,1,2,12,11,32
1963-64,16,Valladolid,19,30,7,5,18,27,58,16,15,6,4,5,20,24,3,15,1,1,13,7,34
1964-65,1,Real Madrid,47,30,21,5,4,64,18,27,15,13,1,1,48,7,20,15,8,4,3,16,11
1964-65,2,Atlético de Madrid,43,30,20,3,7,58,27,26,15,13,0,2,37,11,17,15,7,3,5,21,16
1964-65,3,Zaragoza,40,30,19,2,9,60,37,29,15,14,1,0,41,9,11,15,5,1,9,19,28
1964-65,4,Valencia,38,30,17,4,9,59,37,26,15,12,2,1,40,12,12,15,5,2,8,19,25
1964-65,5,Córdoba,35,30,16,3,11,36,34,27,15,12,3,0,22,2,8,15,4,0,11,14,32
1964-65,6,Barcelona,32,30,14,4,12,59,41,24,15,11,2,2,44,13,8,15,3,2,10,15,28
1964-65,7,Athletic Club de Bilbao,32,30,13,6,11,36,41,24,15,10,4,1,24,11,8,15,3,2,10,12,30
1964-65,8,Elche,31,30,14,3,13,38,43,25,15,12,1,2,29,10,6,15,2,2,11,9,33
1964-65,9,Las Palmas,29,30,11,7,12,36,43,23,15,10,3,2,28,14,6,15,1,4,10,8,29
1964-65,10,Sevilla,26,30,11,4,15,38,50,19,15,8,3,4,23,17,7,15,3,1,11,15,33
1964-65,11,Espanyol,25,30,12,1,17,37,39,21,15,10,1,4,27,15,4,15,2,0,13,10,24
1964-65,12,Betis,23,30,8,7,15,33,45,18,15,7,4,4,22,13,5,15,1,3,11,11,32
1964-65,13,Murcia,23,30,5,13,12,28,49,13,15,3,7,5,16,18,10,15,2,6,7,12,31
1964-65,14,Levante,21,30,8,5,17,37,51,19,15,8,3,4,26,14,2,15,0,2,13,11,37
1964-65,15,Oviedo,20,30,7,6,17,22,54,16,15,7,2,6,18,15,4,15,0,4,11,4,39
1964-65,16,Deportivo de La Coruña,15,30,6,3,21,18,50,13,15,6,1,8,16,17,2,15,0,2,13,2,33
1965-66,1,Atlético de Madrid,44,30,18,8,4,54,20,24,15,11,2,2,34,8,20,15,7,6,2,20,12
1965-66,2,Real Madrid,43,30,19,5,6,53,30,27,15,13,1,1,31,9,16,15,6,4,5,22,21
1965-66,3,Barcelona,38,30,16,6,8,51,27,23,15,11,1,3,37,15,15,15,5,5,5,14,12
1965-66,4,Zaragoza,36,30,14,8,8,47,29,25,15,11,3,1,37,11,11,15,3,5,7,10,18
1965-66,5,Athletic Club de Bilbao,34,30,14,6,10,43,32,26,15,12,2,1,32,8,8,15,2,4,9,11,24
1965-66,6,Elche,32,30,12,8,10,36,37,22,15,8,6,1,20,9,10,15,4,2,9,16,28
1965-66,7,Pontevedra,31,30,13,5,12,31,34,24,15,10,4,1,25,9,7,15,3,1,11,6,25
1965-66,8,Sevilla,27,30,9,9,12,27,38,18,15,6,6,3,17,12,9,15,3,3,9,10,26
1965-66,9,Valencia,27,30,11,5,14,40,35,18,15,8,2,5,28,14,9,15,3,3,9,12,21
1965-66,10,Las Palmas,26,30,9,8,13,32,39,20,15,8,4,3,22,12,6,15,1,4,10,10,27
1965-66,11,Córdoba,25,30,10,5,15,34,42,20,15,8,4,3,18,11,5,15,2,1,12,16,31
1965-66,12,Espanyol,24,30,7,10,13,31,48,18,15,6,6,3,20,18,6,15,1,4,10,11,30
1965-66,13,Málaga,24,30,8,8,14,24,37,17,15,6,5,4,13,10,7,15,2,3,10,11,27
1965-66,14,Sabadell,23,30,10,3,17,30,46,18,15,8,2,5,25,19,5,15,2,1,12,5,27
1965-66,15,Mallorca,23,30,9,5,16,40,55,19,15,8,3,4,29,19,4,15,1,2,12,11,36
1965-66,16,Betis,23,30,7,9,14,36,60,17,15,7,3,5,21,16,6,15,0,6,9,15,44
1966-67,1,Real Madrid,47,30,19,9,2,58,22,28,15,13,2,0,39,8,19,15,6,7,2,19,14
1966-67,2,Barcelona,42,30,20,2,8,58,29,28,15,14,0,1,43,11,14,15,6,2,7,15,18
1966-67,3,Espanyol,37,30,15,7,8,50,40,26,15,12,2,1,34,15,11,15,3,5,7,16,25
1966-67,4,Atlético de Madrid,35,30,14,7,9,57,30,25,15,11,3,1,42,12,10,15,3,4,8,15,18
1966-67,5,Zaragoza,34,30,14,6,10,51,50,26,15,12,2,1,33,10,8,15,2,4,9,18,40
1966-67,6,Valencia,32,30,14,4,12,58,37,27,15,13,1,1,46,7,5,15,1,3,11,12,30
1966-67,7,Athletic Club de Bilbao,31,30,11,9,10,43,36,22,15,9,4,2,29,11,9,15,2,5,8,14,25
1966-67,8,Sabadell,30,30,11,8,11,35,38,24,15,10,4,1,27,7,6,15,1,4,10,8,31
1966-67,9,Elche,27,30,9,9,12,41,50,21,15,8,5,2,30,16,6,15,1,4,10,11,34
1966-67,10,Pontevedra,27,30,9,9,12,28,32,19,15,7,5,3,19,9,8,15,2,4,9,9,23
1966-67,11,Las Palmas,26,30,8,10,12,32,38,17,15,6,5,4,18,13,9,15,2,5,8,14,25
1966-67,12,Córdoba,26,30,9,8,13,28,44,23,15,9,5,1,21,9,3,15,0,3,12,7,35
1966-67,13,Sevilla,25,30,9,7,14,28,47,21,15,8,5,2,22,8,4,15,1,2,12,6,39
1966-67,14,Granada,23,30,8,7,15,32,46,19,15,7,5,3,23,17,4,15,1,2,12,9,29
1966-67,15,Hércules,20,30,6,8,16,32,60,15,15,5,5,5,21,22,5,15,1,3,11,11,38
1966-67,16,Deportivo de La Coruña,18,30,7,4,19,25,57,14,15,5,4,6,17,17,4,15,2,0,13,8,40
1967-68,1,Real Madrid,42,30,16,10,4,55,26,24,15,10,4,1,33,9,18,15,6,6,3,22,17
1967-68,2,Barcelona,39,30,15,9,6,48,29,26,15,11,4,0,31,9,13,15,4,5,6,17,20
1967-68,3,Las Palmas,38,30,17,4,9,56,41,28,15,13,2,0,40,12,10,15,4,2,9,16,29
1967-68,4,Valencia,34,30,13,8,9,52,38,23,15,10,3,2,40,21,11,15,3,5,7,12,17
1967-68,5,Zaragoza,33,30,13,7,10,43,34,25,15,10,5,0,31,9,8,15,3,2,10,12,25
1967-68,6,Atlético de Madrid,33,30,12,9,9,38,32,19,15,7,5,3,25,12,14,15,5,4,6,13,20
1967-68,7,Athletic Club de Bilbao,32,30,11,10,9,51,28,20,15,8,4,3,34,9,12,15,3,6,6,17,19
1967-68,8,Pontevedra,31,30,12,7,11,36,41,26,15,11,4,0,26,5,5,15,1,3,11,10,36
1967-68,9,Espanyol,29,30,12,5,13,48,44,19,15,8,3,4,33,20,10,15,4,2,9,15,24
1967-68,10,Málaga,27,30,9,9,12,29,37,18,15,6,6,3,17,11,9,15,3,3,9,12,26
1967-68,11,Elche,27,30,11,5,14,30,39,23,15,10,3,2,21,6,4,15,1,2,12,9,33
1967-68,12,Sabadell,26,30,10,6,14,34,51,19,15,8,3,4,23,18,7,15,2,3,10,11,33
1967-68,13,Córdoba,25,30,11,3,16,35,57,21,15,9,3,3,26,14,4,15,2,0,13,9,43
1967-68,14,Real Sociedad,24,30,9,6,15,38,43,21,15,9,3,3,31,7,3,15,0,3,12,7,36
1967-68,15,Betis,20,30,8,4,18,30,58,15,15,7,1,7,22,24,5,15,1,3,11,8,34
1967-68,16,Sevilla,20,30,6,8,16,31,56,14,15,6,2,7,17,18,6,15,0,6,9,14,38
1968-69,1,Real Madrid,47,30,18,11,1,46,21,26,15,11,4,0,29,12,21,15,7,7,1,17,9
1968-69,2,Las Palmas,38,30,15,8,7,45,34,25,15,11,3,1,27,9,13,15,4,5,6,18,25
1968-69,3,Barcelona,36,30,13,10,7,40,18,22,15,9,4,2,29,8,14,15,4,6,5,11,10
1968-69,4,Sabadell,32,30,10,12,8,33,34,22,15,8,6,1,19,7,10,15,2,6,7,14,27
1968-69,5,Valencia,31,30,10,11,9,36,39,21,15,7,7,1,24,12,10,15,3,4,8,12,27
1968-69,6,Atlético de Madrid,30,30,10,10,10,40,37,19,15,7,5,3,24,15,11,15,3,5,7,16,22
1968-69,7,Real Sociedad,29,30,10,9,11,36,33,23,15,10,3,2,29,13,6,15,0,6,9,7,20
1968-69,8,Granada,29,30,11,7,12,26,38,24,15,10,4,1,18,3,5,15,1,3,11,8,35
1968-69,9,Elche,29,30,7,15,8,25,23,18,15,5,8,2,15,7,11,15,2,7,6,10,16
1968-69,10,Deportivo de La Coruña,28,30,11,6,13,39,44,21,15,9,3,3,26,13,7,15,2,3,10,13,31
1968-69,11,Athletic Club de Bilbao,28,30,10,8,12,42,46,19,15,8,3,4,29,20,9,15,2,5,8,13,26
1968-69,12,Pontevedra,27,30,7,13,10,20,23,20,15,7,6,2,10,2,7,15,0,7,8,10,21
1968-69,13,Zaragoza,26,30,8,10,12,36,36,18,15,6,6,3,30,16,8,15,2,4,9,6,20
1968-69,14,Málaga,25,30,9,7,14,37,42,22,15,9,4,2,28,12,3,15,0,3,12,9,30
1968-69,15,Espanyol,24,30,8,8,14,29,36,21,15,8,5,2,24,11,3,15,0,3,12,5,25
1968-69,16,Córdoba,21,30,5,11,14,31,57,15,15,4,7,4,22,18,6,15,1,4,10,9,39
1969-70,1,Atlético de Madrid,42,30,18,6,6,53,22,25,15,12,1,2,36,7,17,15,6,5,4,17,15
1969-70,2,Athletic Club de Bilbao,41,30,17,7,6,44,20,26,15,12,2,1,25,3,15,15,5,5,5,19,17
1969-70,3,Sevilla,35,30,14,7,9,39,32,24,15,10,4,1,28,9,11,15,4,3,8,11,23
1969-70,4,Barcelona,35,30,13,9,8,40,31,26,15,12,2,1,28,11,9,15,1,7,7,12,20
1969-70,5,Valencia,35,30,15,5,10,35,23,22,15,10,2,3,21,7,13,15,5,3,7,14,16
1969-70,6,Real Madrid,35,30,13,9,8,50,42,22,15,8,6,1,34,18,13,15,5,3,7,16,24
1969-70,7,Real Sociedad,33,30,15,3,12,47,37,25,15,12,1,2,32,10,8,15,3,2,10,15,27
1969-70,8,Zaragoza,33,30,13,7,10,35,39,25,15,11,3,1,25,12,8,15,2,4,9,10,27
1969-70,9,Las Palmas,27,30,10,7,13,32,40,16,15,7,2,6,25,18,11,15,3,5,7,7,22
1969-70,10,Celta de Vigo,27,30,10,7,13,31,39,21,15,8,5,2,23,13,6,15,2,2,11,8,26
1969-70,11,Elche,26,30,8,10,12,32,44,19,15,7,5,3,21,12,7,15,1,5,9,11,32
1969-70,12,Granada,26,30,8,10,12,20,31,18,15,5,8,2,8,6,8,15,3,2,10,12,25
1969-70,13,Sabadell,25,30,10,5,15,31,37,20,15,9,2,4,23,17,5,15,1,3,11,8,20
1969-70,14,Deportivo de La Coruña,25,30,8,9,13,25,32,16,15,5,6,4,15,11,9,15,3,3,9,10,21
1969-70,15,Mallorca,22,30,7,8,15,33,52,16,15,6,4,5,21,21,6,15,1,4,10,12,31
1969-70,16,Pontevedra,13,30,4,5,21,20,46,10,15,3,4,8,9,18,3,15,1,1,13,11,28
1970-71,1,Valencia,43,30,18,7,5,41,19,26,15,12,2,1,27,7,17,15,6,5,4,14,12
1970-71,2,Barcelona,43,30,19,5,6,50,22,23,15,11,1,3,32,11,20,15,8,4,3,18,11
1970-71,3,Atlético de Madrid,42,30,17,8,5,51,20,28,15,13,2,0,38,9,14,15,4,6,5,13,11
1970-71,4,Real Madrid,41,30,17,7,6,46,24,23,15,10,3,2,30,13,18,15,7,4,4,16,11
1970-71,5,Athletic Club de Bilbao,35,30,14,7,9,40,31,25,15,11,3,1,23,4,10,15,3,4,8,17,27
1970-71,6,Celta de Vigo,35,30,15,5,10,37,32,27,15,12,3,0,23,4,8,15,3,2,10,14,28
1970-71,7,Sevilla,32,30,13,6,11,34,42,25,15,11,3,1,26,13,7,15,2,3,10,8,29
1970-71,8,Real Sociedad,29,30,10,9,11,23,27,21,15,9,3,3,18,9,8,15,1,6,8,5,18
1970-71,9,Málaga,28,30,8,12,10,27,32,18,15,6,6,3,14,10,10,15,2,6,7,13,22
1970-71,10,Granada,28,30,10,8,12,33,34,23,15,9,5,1,24,9,5,15,1,3,11,9,25
1970-71,11,Espanyol,25,30,8,9,13,18,25,18,15,7,4,4,13,7,7,15,1,5,9,5,18
1970-71,12,Gijón,25,30,10,5,15,35,44,20,15,9,2,4,29,13,5,15,1,3,11,6,31
1970-71,13,Sabadell,21,30,8,5,17,28,49,20,15,8,4,3,19,13,1,15,0,1,14,9,36
1970-71,14,Las Palmas,20,30,5,10,15,33,42,17,15,5,7,3,25,14,3,15,0,3,12,8,28
1970-71,15,Elche,18,30,4,10,16,25,46,14,15,4,6,5,17,17,4,15,0,4,11,8,29
1970-71,16,Zaragoza,15,30,3,9,18,22,54,13,15,3,7,5,14,18,2,15,0,2,13,8,36
1971-72,1,Real Madrid,47,34,19,9,6,51,27,31,17,14,3,0,34,8,16,17,5,6,6,17,19
1971-72,2,Valencia,45,34,19,7,8,53,30,30,17,14,2,1,36,9,15,17,5,5,7,17,21
1971-72,3,Barcelona,43,34,17,9,8,40,26,25,17,11,3,3,24,9,18,17,6,6,5,16,17
1971-72,4,Atlético de Madrid,39,34,14,11,9,45,28,23,17,9,5,3,30,12,16,17,5,6,6,15,16
1971-72,5,Las Palmas,38,34,15,8,11,40,36,26,17,10,6,1,29,10,12,17,5,2,10,11,26
1971-72,6,Granada,36,34,14,8,12,40,34,30,17,13,4,0,29,6,6,17,1,4,12,11,28
1971-72,7,Málaga,35,34,9,17,8,27,31,22,17,6,10,1,18,11,13,17,3,7,7,9,20
1971-72,8,Real Sociedad,34,34,14,6,14,38,36,26,17,11,4,2,29,10,8,17,3,2,12,9,26
1971-72,9,Athletic Club de Bilbao,34,34,15,4,15,39,32,23,17,10,3,4,28,10,11,17,5,1,11,11,22
1971-72,10,Celta de Vigo,33,34,10,13,11,37,42,22,17,9,4,4,28,16,11,17,1,9,7,9,26
1971-72,11,Sporting de Gijón,32,34,12,8,14,41,37,24,17,10,4,3,29,11,8,17,2,4,11,12,26
1971-72,12,Espanyol,32,34,12,8,14,43,43,24,17,10,4,3,31,12,8,17,2,4,11,12,31
1971-72,13,Betis,30,34,10,10,14,25,45,24,17,9,6,2,16,8,6,17,1,4,12,9,37
1971-72,14,Deportivo de La Coruña,30,34,11,8,15,28,38,25,17,10,5,2,20,9,5,17,1,3,13,8,29
1971-72,15,Burgos,29,34,11,7,16,34,42,24,17,11,2,4,27,15,5,17,0,5,12,7,27
1971-72,16,Sevilla,27,34,9,9,16,35,45,19,17,8,3,6,25,18,8,17,1,6,10,10,27
1971-72,17,Córdoba,25,34,6,13,15,32,51,19,17,6,7,4,19,15,6,17,0,6,11,13,36
1971-72,18,Sabadell,23,34,7,9,18,27,52,19,17,6,7,4,19,15,4,17,1,2,14,8,37
1972-73,1,Atlético de Madrid,48,34,20,8,6,49,29,25,17,11,3,3,30,17,23,17,9,5,3,19,12
1972-73,2,Barcelona,46,34,18,10,6,41,21,28,17,12,4,1,28,7,18,17,6,6,5,13,14
1972-73,3,Espanyol,45,34,17,11,6,48,27,30,17,13,4,0,35,10,15,17,4,7,6,13,17
1972-73,4,Real Madrid,43,34,17,9,8,45,29,27,17,11,5,1,28,9,16,17,6,4,7,17,20
1972-73,5,Castellón,35,34,13,9,12,44,38,25,17,11,3,3,34,16,10,17,2,6,9,10,22
1972-73,6,Valencia,34,34,12,10,12,37,33,22,17,9,4,4,22,11,12,17,3,6,8,15,22
1972-73,7,Real Sociedad,34,34,13,8,13,37,39,26,17,11,4,2,27,9,8,17,2,4,11,10,30
1972-73,8,Zaragoza,34,34,10,14,10,36,36,23,17,9,5,3,28,14,11,17,1,9,7,8,22
1972-73,9,Athletic Club de Bilbao,33,34,12,9,13,41,38,26,17,11,4,2,27,10,7,17,1,5,11,14,28
1972-73,10,Málaga,33,34,11,11,12,33,29,23,17,9,5,3,23,9,10,17,2,6,9,10,20
1972-73,11,Las Palmas,31,34,11,9,14,38,44,23,17,9,5,3,23,14,8,17,2,4,11,15,30
1972-73,12,Oviedo,30,34,9,12,13,33,44,21,17,7,7,3,18,9,9,17,2,5,10,15,35
1972-73,13,Granada,29,34,9,11,14,25,32,22,17,8,6,3,20,9,7,17,1,5,11,5,23
1972-73,14,Sporting de Gijón,29,34,11,7,16,32,37,25,17,10,5,2,26,10,4,17,1,2,14,6,27
1972-73,15,Celta de Vigo,29,34,10,9,15,30,37,24,17,10,4,3,22,8,5,17,0,5,12,8,29
1972-73,16,Betis,28,34,7,14,13,29,36,21,17,7,7,3,19,11,7,17,0,7,10,10,25
1972-73,17,Deportivo de La Coruña,27,34,7,13,14,22,44,21,17,6,9,2,17,12,6,17,1,4,12,5,32
1972-73,18,Burgos,24,34,9,6,19,36,63,22,17,8,6,3,27,17,2,17,1,0,16,9,46
1973-74,1,Barcelona,50,34,21,8,5,75,24,32,17,15,2,0,49,7,18,17,6,6,5,26,17
1973-74,2,Atlético de Madrid,42,34,18,6,10,50,31,30,17,14,2,1,36,10,12,17,4,4,9,14,21
1973-74,3,Zaragoza,40,34,16,8,10,51,38,31,17,14,3,0,41,13,9,17,2,5,10,10,25
1973-74,4,Real Sociedad,39,34,16,7,11,46,45,28,17,12,4,1,32,15,11,17,4,3,10,14,30
1973-74,5,Athletic Club de Bilbao,37,34,15,7,12,35,31,28,17,13,2,2,29,12,9,17,2,5,10,6,19
1973-74,6,Granada,36,34,12,12,10,34,35,26,17,10,6,1,25,11,10,17,2,6,9,9,24
1973-74,7,Málaga,36,34,12,12,10,31,32,26,17,11,4,2,22,8,10,17,1,8,8,9,24
1973-74,8,Real Madrid,34,34,13,8,13,48,38,26,17,11,4,2,34,15,8,17,2,4,11,14,23
1973-74,9,Espanyol,34,34,13,8,13,34,38,28,17,12,4,1,24,6,6,17,1,4,12,10,32
1973-74,10,Valencia,33,34,13,7,14,41,33,22,17,9,4,4,27,13,11,17,4,3,10,14,20
1973-74,11,Las Palmas,33,34,14,5,15,28,35,29,17,13,3,1,22,5,4,17,1,2,14,6,30
1973-74,12,Celta de Vigo,30,34,12,6,16,43,49,24,17,12,0,5,30,16,6,17,0,6,11,13,33
1973-74,13,Sporting de Gijón,30,34,13,4,17,49,59,25,17,12,1,4,35,20,5,17,1,3,13,14,39
1973-74,14,Elche,29,34,11,7,16,25,33,24,17,9,6,2,13,5,5,17,2,1,14,12,28
1973-74,15,Murcia,29,34,10,9,15,27,37,22,17,8,6,3,19,11,7,17,2,3,12,8,26
1973-74,16,Castellón,29,34,9,11,14,28,46,23,17,8,7,2,21,14,6,17,1,4,12,7,32
1973-74,17,Racing de Santander,27,34,8,11,15,36,54,22,17,7,8,2,24,17,5,17,1,3,13,12,37
1973-74,18,Oviedo,24,34,9,6,19,29,52,19,17,7,5,5,16,13,5,17,2,1,14,13,39
1974-75,1,Real Madrid,50,34,20,10,4,66,34,32,17,15,2,0,42,9,18,17,5,8,4,24,25
1974-75,2,Zaragoza,38,34,15,8,11,58,47,30,17,13,4,0,45,17,8,17,2,4,11,13,30
1974-75,3,Barcelona,37,34,15,7,12,57,36,29,17,12,5,0,42,11,8,17,3,2,12,15,25
1974-75,4,Real Sociedad,36,34,12,12,10,37,32,27,17,10,7,0,27,9,9,17,2,5,10,10,23
1974-75,5,Hércules,36,34,11,14,9,37,36,21,17,7,7,3,22,16,15,17,4,7,6,15,20
1974-75,6,Atlético de Madrid,35,34,11,13,10,46,34,28,17,11,6,0,36,10,7,17,0,7,10,10,24
1974-75,7,Salamanca,35,34,10,15,9,33,29,24,17,9,6,2,20,8,11,17,1,9,7,13,21
1974-75,8,Elche,34,34,13,8,13,35,44,26,17,12,2,3,25,11,8,17,1,6,10,10,33
1974-75,9,Betis,34,34,14,6,14,35,41,28,17,12,4,1,24,8,6,17,2,2,13,11,33
1974-75,10,Athletic Club de Bilbao,33,34,13,7,14,40,42,27,17,12,3,2,30,11,6,17,1,4,12,10,31
1974-75,11,Espanyol,33,34,14,5,15,38,47,27,17,13,1,3,30,17,6,17,1,4,12,8,30
1974-75,12,Valencia,32,34,12,8,14,53,48,25,17,10,5,2,30,11,7,17,2,3,12,23,37
1974-75,13,Las Palmas,32,34,12,8,14,41,39,28,17,12,4,1,30,7,4,17,0,4,13,11,32
1974-75,14,Sporting de Gijón,32,34,11,10,13,40,40,25,17,10,5,2,28,14,7,17,1,5,11,12,26
1974-75,15,Granada,31,34,10,11,13,35,47,25,17,9,7,1,27,12,6,17,1,4,12,8,35
1974-75,16,Málaga,31,34,13,5,16,33,42,27,17,12,3,2,26,10,4,17,1,2,14,7,32
1974-75,17,Celta de Vigo,30,34,10,10,14,30,41,25,17,10,5,2,24,9,5,17,0,5,12,6,32
1974-75,18,Murcia,23,34,7,9,18,31,66,19,17,6,7,4,22,25,4,17,1,2,14,9,41
1975-76,1,Real Madrid,48,34,20,8,6,54,26,31,17,15,1,1,37,9,17,17,5,7,5,17,17
1975-76,2,Barcelona,43,34,18,7,9,61,41,32,17,15,2,0,41,10,11,17,3,5,9,20,31
1975-76,3,Atlético de Madrid,42,34,18,6,10,60,38,31,17,14,3,0,40,11,11,17,4,3,10,20,27
1975-76,4,Espanyol,40,34,18,4,12,48,45,31,17,15,1,1,34,10,9,17,3,3,11,14,35
1975-76,5,Athletic Club de Bilbao,39,34,14,11,9,43,38,31,17,14,3,0,28,9,8,17,0,8,9,15,29
1975-76,6,Hércules,36,34,12,12,10,33,37,26,17,10,6,1,21,9,10,17,2,6,9,12,28
1975-76,7,Betis,35,34,15,5,14,34,50,26,17,12,2,3,23,11,9,17,3,3,11,11,39
1975-76,8,Real Sociedad,34,34,12,10,12,45,45,26,17,10,6,1,33,16,8,17,2,4,11,12,29
1975-76,9,Salamanca,34,34,12,10,12,31,33,24,17,9,6,2,22,10,10,17,3,4,10,9,23
1975-76,10,Valencia,32,34,12,8,14,43,41,23,17,9,5,3,25,12,9,17,3,3,11,18,29
1975-76,11,Sevilla,32,34,13,6,15,35,39,28,17,12,4,1,29,9,4,17,1,2,14,6,30
1975-76,12,Racing de Santander,32,34,14,4,16,45,56,29,17,13,3,1,34,14,3,17,1,1,15,11,42
1975-76,13,Las Palmas,30,34,12,6,16,39,43,23,17,9,5,3,31,18,7,17,3,1,13,8,25
1975-76,14,Zaragoza,30,34,11,8,15,45,43,24,17,11,2,4,33,15,6,17,0,6,11,12,28
1975-76,15,Elche,28,34,8,12,14,38,49,23,17,8,7,2,28,16,5,17,0,5,12,10,33
1975-76,16,Oviedo,27,34,11,5,18,41,45,23,17,10,3,4,33,13,4,17,1,2,14,8,32
1975-76,17,Granada,26,34,8,10,16,29,50,20,17,7,6,4,19,16,6,17,1,4,12,10,34
1975-76,18,Sporting de Gijón,24,34,7,10,17,41,46,20,17,7,6,4,30,16,4,17,0,4,13,11,30
1976-77,1,Atlético de Madrid,46,34,19,8,7,62,33,28,17,13,2,2,44,17,18,17,6,6,5,18,16
1976-77,2,Barcelona,45,34,18,9,7,69,34,29,17,13,3,1,53,17,16,17,5,6,6,16,17
1976-77,3,Athletic Club de Bilbao,38,34,15,8,11,55,45,27,17,12,3,2,39,16,11,17,3,5,9,16,29
1976-77,4,Las Palmas,36,34,15,6,13,56,51,29,17,13,3,1,42,17,7,17,2,3,12,14,34
1976-77,5,Betis,36,34,15,6,13,42,42,26,17,12,2,3,26,14,10,17,3,4,10,16,28
1976-77,6,Espanyol,36,34,14,8,12,61,59,28,17,13,2,2,40,12,8,17,1,6,10,21,47
1976-77,7,Valencia,36,34,13,10,11,53,47,24,17,10,4,3,34,16,12,17,3,6,8,19,31
1976-77,8,Real Sociedad,34,34,13,8,13,54,41,29,17,12,5,0,40,9,5,17,1,3,13,14,32
1976-77,9,Real Madrid,34,34,12,10,12,57,53,23,17,9,5,3,36,16,11,17,3,5,9,21,37
1976-77,10,Sevilla,34,34,11,12,11,32,39,24,17,10,4,3,22,12,10,17,1,8,8,10,27
1976-77,11,Elche,33,34,11,11,12,45,47,25,17,10,5,2,30,13,8,17,1,6,10,15,34
1976-77,12,Salamanca,32,34,13,6,15,30,34,23,17,9,5,3,20,7,9,17,4,1,12,10,27
1976-77,13,Hércules,32,34,11,10,13,35,41,27,17,11,5,1,27,11,5,17,0,5,12,8,30
1976-77,14,Burgos,32,34,14,4,16,46,50,27,17,12,3,2,33,14,5,17,2,1,14,13,36
1976-77,15,Racing de Santander,31,34,12,7,15,41,62,26,17,10,6,1,28,18,5,17,2,1,14,13,44
1976-77,16,Zaragoza,30,34,10,10,14,42,51,24,17,9,6,2,29,20,6,17,1,4,12,13,31
1976-77,17,Celta de Vigo,29,34,9,11,14,22,40,25,17,9,7,1,16,6,4,17,0,4,13,6,34
1976-77,18,Málaga,18,34,6,6,22,27,60,15,17,5,5,7,15,20,3,17,1,1,15,12,40
1977-78,1,Real Madrid,47,34,22,3,9,77,40,32,17,15,2,0,48,9,15,17,7,1,9,29,31
1977-78,2,Barcelona,41,34,16,9,9,49,29,29,17,13,3,1,37,11,12,17,3,6,8,12,18
1977-78,3,Athletic Club de Bilbao,40,34,16,8,10,62,36,31,17,14,3,0,42,8,9,17,2,5,10,20,28
1977-78,4,Valencia,39,34,16,7,11,54,33,28,17,13,2,2,42,9,11,17,3,5,9,12,24
1977-78,5,Sporting de Gijón,39,34,15,9,10,53,43,28,17,12,4,1,36,16,11,17,3,5,9,17,27
1977-78,6,Atlético de Madrid,36,34,16,4,14,61,52,29,17,14,1,2,41,14,7,17,2,3,12,20,38
1977-78,7,Las Palmas,35,34,12,11,11,43,41,23,17,8,7,2,29,15,12,17,4,4,9,14,26
1977-78,8,Sevilla,34,34,13,8,13,38,45,28,17,12,4,1,26,11,6,17,1,4,12,12,34
1977-78,9,Salamanca,34,34,14,6,14,37,40,23,17,10,3,4,19,11,11,17,4,3,10,18,29
1977-78,10,Rayo Vallecano,33,34,12,9,13,50,59,28,17,12,4,1,39,17,5,17,0,5,12,11,42
1977-78,11,Real Sociedad,33,34,12,9,13,52,46,25,17,10,5,2,40,16,8,17,2,4,11,12,30
1977-78,12,Burgos,31,34,10,11,13,33,47,26,17,10,6,1,25,16,5,17,0,5,12,8,31
1977-78,13,Racing de Santander,31,34,11,9,14,29,45,26,17,10,6,1,25,11,5,17,1,3,13,4,34
1977-78,14,Espanyol,30,34,12,6,16,48,60,24,17,11,2,4,32,22,6,17,1,4,12,16,38
1977-78,15,Hércules,30,34,10,10,14,32,40,24,17,9,6,2,22,10,6,17,1,4,12,10,30
1977-78,16,Betis,30,34,11,8,15,51,52,25,17,10,5,2,34,18,5,17,1,3,13,17,34
1977-78,17,Elche,27,34,11,5,18,44,66,22,17,10,2,5,31,21,5,17,1,3,13,13,45
1977-78,18,Cádiz,22,34,7,8,19,30,69,19,17,7,5,5,20,20,3,17,0,3,14,10,49
1978-79,1,Real Madrid,47,34,16,15,3,61,36,29,17,12,5,0,39,14,18,17,4,10,3,22,22
1978-79,2,Sporting de Gijón,43,34,17,9,8,50,35,30,17,14,2,1,36,11,13,17,3,7,7,14,24
1978-79,3,Atlético de Madrid,41,34,14,13,7,55,37,25,17,9,7,1,31,12,16,17,5,6,6,24,25
1978-79,4,Real Sociedad,41,34,18,5,11,53,36,29,17,14,1,2,34,12,12,17,4,4,9,19,24
1978-79,5,Barcelona,38,34,16,6,12,69,37,29,17,14,1,2,54,12,9,17,2,5,10,15,25
1978-79,6,Las Palmas,37,34,14,9,11,49,43,25,17,10,5,2,29,11,12,17,4,4,9,20,32
1978-79,7,Valencia,35,34,14,7,13,44,39,28,17,12,4,1,32,9,7,17,2,3,12,12,30
1978-79,8,Espanyol,35,34,15,5,14,37,46,28,17,13,2,2,24,12,7,17,2,3,12,13,34
1978-79,9,Athletic Club de Bilbao,34,34,12,10,12,56,46,26,17,11,4,2,42,20,8,17,1,6,10,14,26
1978-79,10,Salamanca,34,34,13,8,13,36,40,27,17,11,5,1,25,11,7,17,2,3,12,11,29
1978-79,11,Sevilla,33,34,12,9,13,47,48,25,17,10,5,2,27,14,8,17,2,4,11,20,34
1978-79,12,Hércules,32,34,13,6,15,32,38,25,17,11,3,3,22,9,7,17,2,3,12,10,29
1978-79,13,Burgos,32,34,10,12,12,38,47,22,17,7,8,2,16,12,10,17,3,4,10,22,35
1978-79,14,Zaragoza,30,34,12,6,16,56,59,27,17,12,3,2,43,20,3,17,0,3,14,13,39
1978-79,15,Rayo Vallecano,29,34,9,11,14,31,54,22,17,8,6,3,22,17,7,17,1,5,11,9,37
1978-79,16,Celta de Vigo,28,34,9,10,15,35,55,23,17,8,7,2,28,20,5,17,1,3,13,7,35
1978-79,17,Racing de Santander,22,34,9,4,21,37,63,18,17,7,4,6,24,25,4,17,2,0,15,13,38
1978-79,18,Recreativo de Huelva,21,34,8,5,21,39,66,17,17,7,3,7,28,28,4,17,1,2,14,11,38
1979-80,1,Real Madrid,53,34,22,9,3,70,33,32,17,15,2,0,49,13,21,17,7,7,3,21,20
1979-80,2,Real Sociedad,52,34,19,14,1,54,20,30,17,13,4,0,36,9,22,17,6,10,1,18,11
1979-80,3,Sporting de Gijón,39,34,16,7,11,47,34,24,17,10,4,3,27,13,15,17,6,3,8,20,21
1979-80,4,Barcelona,38,34,13,12,9,42,33,28,17,12,4,1,25,5,10,17,1,8,8,17,28
1979-80,5,Betis,36,34,12,12,10,42,40,26,17,11,4,2,29,9,10,17,1,8,8,13,31
1979-80,6,Valencia,36,34,12,12,10,50,42,28,17,11,6,0,37,13,8,17,1,6,10,13,29
1979-80,7,Athletic Club de Bilbao,35,34,15,5,14,52,44,29,17,14,1,2,42,15,6,17,1,4,12,10,29
1979-80,8,Sevilla,34,34,14,6,14,50,47,29,17,13,3,1,37,16,5,17,1,3,13,13,31
1979-80,9,AD Almería,33,33,10,11,12,41,50,26,17,9,8,0,29,14,5,16,1,3,12,12,36
1979-80,10,Zaragoza,33,34,13,7,14,43,40,23,17,9,5,3,29,13,10,17,4,2,11,14,27
1979-80,11,Salamanca,32,34,13,8,13,34,37,22,17,9,4,4,26,14,12,17,4,4,9,8,23
1979-80,12,Las Palmas,32,34,13,6,15,36,49,26,17,11,4,2,30,16,6,17,2,2,13,6,33
1979-80,13,Atlético de Madrid,31,34,10,11,13,38,44,21,17,8,5,4,24,16,10,17,2,6,9,14,28
1979-80,14,Espanyol,30,34,9,12,13,28,37,21,17,7,7,3,17,9,9,17,2,5,10,11,28
1979-80,15,Hércules,28,34,8,12,14,36,39,21,17,7,7,3,26,13,7,17,1,5,11,10,26
1979-80,16,Rayo Vallecano,26,34,9,8,17,46,61,18,17,7,4,6,28,20,8,17,2,4,11,18,41
1979-80,17,Burgos,20,34,5,10,19,29,61,17,17,4,9,4,16,18,3,17,1,1,15,13,43
1979-80,18,Málaga,19,33,8,6,19,28,55,17,16,7,3,6,15,18,5,17,1,3,13,13,37
1980-81,1,Real Sociedad,45,34,19,7,8,52,29,29,17,13,3,1,33,13,16,17,6,4,7,19,16
1980-81,2,Real Madrid,45,34,20,5,9,66,37,31,17,15,1,1,46,10,14,17,5,4,8,20,27
1980-81,3,Atlético de Madrid,42,34,16,10,8,46,39,26,17,11,4,2,28,16,16,17,5,6,6,18,23
1980-81,4,Valencia,42,34,17,8,9,59,41,28,17,12,4,1,41,19,14,17,5,4,8,18,22
1980-81,5,Barcelona,41,34,18,5,11,66,41,27,17,13,1,3,43,14,14,17,5,4,8,23,27
1980-81,6,Betis,40,34,17,6,11,55,38,25,17,10,5,2,30,10,15,17,7,1,9,25,28
1980-81,7,Sporting de Gijón,38,34,14,10,10,58,40,28,17,12,4,1,43,12,10,17,2,6,9,15,28
1980-81,8,Sevilla,37,34,14,9,11,34,42,29,17,12,5,0,22,7,8,17,2,4,11,12,35
1980-81,9,Athletic Club de Bilbao,35,34,14,7,13,64,53,23,17,10,3,4,44,19,12,17,4,4,9,20,34
1980-81,10,Espanyol,34,34,14,6,14,37,42,25,17,10,5,2,22,12,9,17,4,1,12,15,30
1980-81,11,Osasuna,32,34,12,8,14,35,46,24,17,11,2,4,24,13,8,17,1,6,10,11,33
1980-81,12,Valladolid,31,34,9,13,12,40,46,21,17,8,5,4,24,17,10,17,1,8,8,16,29
1980-81,13,Hércules,30,34,10,10,14,42,48,17,17,6,5,6,23,18,13,17,4,5,8,19,30
1980-81,14,Zaragoza,29,34,9,11,14,31,44,17,17,6,5,6,21,21,12,17,3,6,8,10,23
1980-81,15,Las Palmas,28,34,12,4,18,47,61,15,17,6,3,8,24,28,13,17,6,1,10,23,33
1980-81,16,Murcia,23,34,8,7,19,35,49,16,17,5,6,6,19,22,7,17,3,1,13,16,27
1980-81,17,Salamanca,21,34,7,7,20,32,67,17,17,7,3,7,22,25,4,17,0,4,13,10,42
1980-81,18,AD Almería,19,34,6,7,21,30,66,18,17,6,6,5,21,23,1,17,0,1,16,9,43
1981-82,1,Real Sociedad,47,34,20,7,7,58,33,32,17,15,2,0,37,8,15,17,5,5,7,21,25
1981-82,2,Barcelona,45,34,19,7,8,75,40,30,17,14,2,1,49,15,15,17,5,5,7,26,25
1981-82,3,Real Madrid,44,34,18,8,8,57,34,30,17,13,4,0,39,11,14,17,5,4,8,18,23
1981-82,4,Athletic Club de Bilbao,40,34,18,4,12,63,41,30,17,14,2,1,46,13,10,17,4,2,11,17,28
1981-82,5,Valencia,39,34,17,5,12,54,46,31,17,15,1,1,37,11,8,17,2,4,11,17,35
1981-82,6,Betis,36,34,15,6,13,53,44,26,17,12,2,3,34,11,10,17,3,4,10,19,33
1981-82,7,Sevilla,35,34,15,5,14,52,39,25,17,10,5,2,35,12,10,17,5,0,12,17,27
1981-82,8,Atlético de Madrid,34,34,15,4,15,38,37,26,17,12,2,3,25,10,8,17,3,2,12,13,27
1981-82,9,Valladolid,34,34,13,8,13,40,53,27,17,12,3,2,27,13,7,17,1,5,11,13,40
1981-82,10,Osasuna,34,34,14,6,14,45,45,23,17,10,3,4,31,18,11,17,4,3,10,14,27
1981-82,11,Zaragoza,34,34,13,8,13,45,56,24,17,8,8,1,31,25,10,17,5,0,12,14,31
1981-82,12,Racing de Santander,32,34,12,8,14,41,52,23,17,11,1,5,30,19,9,17,1,7,9,11,33
1981-82,13,Espanyol,32,34,13,6,15,48,55,22,17,10,2,5,28,22,10,17,3,4,10,20,33
1981-82,14,Sporting de Gijón,29,34,10,9,15,38,44,21,17,9,3,5,27,18,8,17,1,6,10,11,26
1981-82,15,Las Palmas,29,34,11,7,16,41,53,23,17,9,5,3,27,16,6,17,2,2,13,14,37
1981-82,16,Cádiz,29,34,13,3,18,31,47,27,17,12,3,2,24,9,2,17,1,0,16,7,38
1981-82,17,Hércules,27,34,11,5,18,41,52,17,17,7,3,7,26,21,10,17,4,2,11,15,31
1981-82,18,Castellón,12,34,3,6,25,33,82,9,17,2,5,10,15,33,3,17,1,1,15,18,49
1982-83,1,Athletic Club de Bilbao,50,34,22,6,6,71,36,31,17,15,1,1,48,16,19,17,7,5,5,23,20
1982-83,2,Real Madrid,49,34,20,9,5,57,25,31,17,15,1,1,35,8,18,17,5,8,4,22,17
1982-83,3,Atlético de Madrid,46,34,20,6,8,56,38,29,17,12,5,0,28,9,17,17,8,1,8,28,29
1982-83,4,Barcelona,44,34,17,10,7,60,29,26,17,11,4,2,31,13,18,17,6,6,5,29,16
1982-83,5,Sevilla,42,34,15,12,7,44,31,27,17,11,5,1,27,11,15,17,4,7,6,17,20
1982-83,6,Zaragoza,40,34,17,6,11,59,39,27,17,12,3,2,40,16,13,17,5,3,9,19,23
1982-83,7,Real Sociedad,36,34,12,12,10,29,27,26,17,10,6,1,21,6,10,17,2,6,9,8,21
1982-83,8,Sporting de Gijón,33,34,9,15,10,31,32,23,17,7,9,1,20,12,10,17,2,6,9,11,20
1982-83,9,Espanyol,32,34,13,6,15,45,47,25,17,11,3,3,31,18,7,17,2,3,12,14,29
1982-83,10,Málaga,30,34,10,10,14,37,48,22,17,9,4,4,24,19,8,17,1,6,10,13,29
1982-83,11,Betis,30,34,9,12,13,42,45,21,17,7,7,3,28,19,9,17,2,5,10,14,26
1982-83,12,Valladolid,29,34,9,11,14,34,51,22,17,9,4,4,23,18,7,17,0,7,10,11,33
1982-83,13,Salamanca,28,34,10,8,16,31,48,22,17,9,4,4,20,12,6,17,1,4,12,11,36
1982-83,14,Osasuna,26,34,10,6,18,39,54,24,17,10,4,3,30,15,2,17,0,2,15,9,39
1982-83,15,Valencia,25,34,9,7,18,42,56,23,17,9,5,3,28,16,2,17,0,2,15,14,40
1982-83,16,Las Palmas,25,34,7,11,16,32,55,20,17,7,6,4,24,23,5,17,0,5,12,8,32
1982-83,17,Celta de Vigo,24,34,9,6,19,27,56,17,17,7,3,7,17,22,7,17,2,3,12,10,34
1982-83,18,Racing de Santander,23,34,9,5,20,44,63,21,17,8,5,4,32,20,2,17,1,0,16,12,43
1983-84,1,Athletic Club de Bilbao,49,34,20,9,5,53,30,30,17,14,2,1,40,13,19,17,6,7,4,13,17
1983-84,2,Real Madrid,49,34,22,5,7,59,37,29,17,13,3,1,34,10,20,17,9,2,6,25,27
1983-84,3,Barcelona,48,34,20,8,6,62,28,28,17,12,4,1,38,9,20,17,8,4,5,24,19
1983-84,4,Atlético de Madrid,42,34,17,8,9,53,47,27,17,12,3,2,31,15,15,17,5,5,7,22,32
1983-84,5,Betis,38,34,17,4,13,45,40,32,17,15,2,0,33,7,6,17,2,2,13,12,33
1983-84,6,Real Sociedad,37,34,14,9,11,43,35,24,17,11,2,4,22,11,13,17,3,7,7,21,24
1983-84,7,Zaragoza,35,34,12,11,11,50,41,20,17,8,4,5,31,21,15,17,4,7,6,19,20
1983-84,8,Sevilla,34,34,13,8,13,42,43,27,17,12,3,2,31,14,7,17,1,5,11,11,29
1983-84,9,Málaga,33,34,11,11,12,41,35,24,17,10,4,3,32,16,9,17,1,7,9,9,19
1983-84,10,Espanyol,33,34,10,13,11,42,44,22,17,8,6,3,26,15,11,17,2,7,8,16,29
1983-84,11,Murcia,32,34,10,12,12,42,38,23,17,9,5,3,27,13,9,17,1,7,9,15,25
1983-84,12,Valencia,32,34,12,8,14,45,47,19,17,7,5,5,27,23,13,17,5,3,9,18,24
1983-84,13,Sporting de Gijón,30,34,11,8,15,38,47,20,17,7,6,4,24,17,10,17,4,2,11,14,30
1983-84,14,Valladolid,29,34,11,7,16,44,60,24,17,10,4,3,28,16,5,17,1,3,13,16,44
1983-84,15,Osasuna,28,34,11,6,17,30,44,23,17,9,5,3,25,13,5,17,2,1,14,5,31
1983-84,16,Cádiz,22,34,6,10,18,36,51,16,17,5,6,6,22,17,6,17,1,4,12,14,34
1983-84,17,Mallorca,21,34,3,15,16,27,56,14,17,2,10,5,17,21,7,17,1,5,11,10,35
1983-84,18,Salamanca,20,34,5,10,19,30,59,17,17,5,7,5,21,22,3,17,0,3,14,9,37
1984-85,1,Barcelona,53,34,21,11,2,69,25,30,17,13,4,0,42,9,23,17,8,7,2,27,16
1984-85,2,Atlético de Madrid,43,34,16,11,7,51,28,22,17,9,4,4,24,13,21,17,7,7,3,27,15
1984-85,3,Athletic Club de Bilbao,41,34,13,15,6,39,26,25,17,9,7,1,28,13,16,17,4,8,5,11,13
1984-85,4,Sporting de Gijón,41,34,13,15,6,34,23,24,17,9,6,2,23,12,17,17,4,9,4,11,11
1984-85,5,Real Madrid,36,34,13,10,11,46,36,20,17,8,4,5,30,19,16,17,5,6,6,16,17
1984-85,6,Osasuna,34,34,13,8,13,38,38,22,17,9,4,4,26,10,12,17,4,4,9,12,28
1984-85,7,Real Sociedad,34,34,11,12,11,41,33,18,17,7,4,6,24,16,16,17,4,8,5,17,17
1984-85,8,Espanyol,34,34,11,12,11,40,44,24,17,9,6,2,25,14,10,17,2,6,9,15,30
1984-85,9,Valencia,33,34,9,15,10,40,37,19,17,5,9,3,20,13,14,17,4,6,7,20,24
1984-85,10,Zaragoza,33,34,11,11,12,39,39,17,17,5,7,5,20,17,16,17,6,4,7,19,22
1984-85,11,Racing de Santander,32,34,10,12,12,27,34,24,17,9,6,2,23,10,8,17,1,6,10,4,24
1984-85,12,Sevilla,31,34,10,11,13,29,41,18,17,6,6,5,17,14,13,17,4,5,8,12,27
1984-85,13,Valladolid,30,34,7,16,11,39,45,17,17,4,9,4,22,20,13,17,3,7,7,17,25
1984-85,14,Betis,30,34,11,8,15,37,43,14,17,6,2,9,21,21,16,17,5,6,6,16,22
1984-85,15,Hércules,30,34,9,12,13,28,45,22,17,6,10,1,18,12,8,17,3,2,12,10,33
1984-85,16,Málaga,29,34,7,15,12,23,36,18,17,5,8,4,16,13,11,17,2,7,8,7,23
1984-85,17,Elche,26,34,6,14,14,18,37,19,17,5,9,3,11,9,7,17,1,5,11,7,28
1984-85,18,Murcia,22,34,6,10,18,24,52,14,17,5,4,8,16,21,8,17,1,6,10,8,31
1985-86,1,Real Madrid,56,34,26,4,4,83,33,34,17,17,0,0,47,9,22,17,9,4,4,36,24
1985-86,2,Barcelona,45,34,18,9,7,61,36,26,17,11,4,2,33,12,19,17,7,5,5,28,24
1985-86,3,Athletic Club de Bilbao,43,34,17,9,8,44,31,27,17,11,5,1,32,14,16,17,6,4,7,12,17
1985-86,4,Zaragoza,42,34,15,12,7,51,34,24,17,9,6,2,27,10,18,17,6,6,5,24,24
1985-86,5,Atlético de Madrid,42,34,17,8,9,53,38,27,17,13,1,3,32,14,15,17,4,7,6,21,24
1985-86,6,Sporting de Gijón,41,34,13,15,6,37,27,23,17,8,7,2,23,13,18,17,5,8,4,14,14
1985-86,7,Real Sociedad,39,34,17,5,12,64,51,27,17,12,3,2,44,17,12,17,5,2,10,20,34
1985-86,8,Betis,35,34,11,13,10,40,40,22,17,7,8,2,23,16,13,17,4,5,8,17,24
1985-86,9,Sevilla,34,34,12,10,12,39,34,23,17,8,7,2,20,9,11,17,4,3,10,19,25
1985-86,10,Valladolid,32,34,13,6,15,54,48,27,17,12,3,2,38,17,5,17,1,3,13,16,31
1985-86,11,Espanyol,31,34,11,9,14,43,40,24,17,11,2,4,35,17,7,17,0,7,10,8,23
1985-86,12,Racing de Santander,31,34,10,11,13,33,34,22,17,7,8,2,25,12,9,17,3,3,11,8,22
1985-86,13,Las Palmas,27,34,9,9,16,37,65,21,17,8,5,4,29,25,6,17,1,4,12,8,40
1985-86,14,Osasuna,27,34,9,9,16,24,33,18,17,7,4,6,16,13,9,17,2,5,10,8,20
1985-86,15,Cádiz,26,34,9,8,17,30,58,20,17,8,4,5,20,18,6,17,1,4,12,10,40
1985-86,16,Valencia,25,34,8,9,17,38,62,17,17,6,5,6,22,21,8,17,2,4,11,16,41
1985-86,17,Hércules,22,34,8,6,20,35,62,19,17,7,5,5,26,22,3,17,1,1,15,9,40
1985-86,18,Celta de Vigo,14,34,5,4,25,32,72,11,17,5,1,11,20,27,3,17,0,3,14,12,45
1986-87,1,Real Madrid,66,44,27,12,5,84,37,37,22,16,5,1,48,17,29,22,11,7,4,36,20
1986-87,2,Barcelona,63,44,24,15,5,63,29,40,22,19,2,1,46,16,23,22,5,13,4,17,13
1986-87,3,Espanyol,51,44,20,11,13,66,46,37,22,16,5,1,44,15,14,22,4,6,12,22,31
1986-87,4,Sporting de Gijón,45,44,16,13,15,58,50,30,22,12,6,4,38,18,15,22,4,7,11,20,32
1986-87,5,Zaragoza,44,44,15,14,15,46,47,31,22,11,9,2,29,16,13,22,4,5,13,17,31
1986-87,6,Mallorca,42,44,15,12,17,48,65,31,22,12,7,3,32,20,11,22,3,5,14,16,45
1986-87,7,Atlético de Madrid,47,44,18,11,15,58,54,31,22,13,5,4,34,20,16,22,5,6,11,24,34
1986-87,8,Real Sociedad,47,44,19,9,16,59,54,32,22,14,4,4,42,22,15,22,5,5,12,17,32
1986-87,9,Betis,45,44,18,9,17,61,59,33,22,15,3,4,40,19,12,22,3,6,13,21,40
1986-87,10,Valladolid,41,44,15,11,18,42,45,32,22,12,8,2,27,10,9,22,3,3,16,15,35
1986-87,11,Murcia,41,44,17,7,20,50,63,33,22,16,1,5,39,19,8,22,1,6,15,11,44
1986-87,12,Sevilla,39,44,14,11,19,51,53,27,22,10,7,5,34,19,12,22,4,4,14,17,34
1986-87,13,Athletic Club de Bilbao,42,44,15,12,17,51,50,30,22,12,6,4,36,18,12,22,3,6,13,15,32
1986-87,14,Las Palmas,41,44,16,9,19,59,67,29,22,11,7,4,37,22,12,22,5,2,15,22,45
1986-87,15,Sabadell,38,44,12,14,18,38,59,28,22,10,8,4,24,18,10,22,2,6,14,14,41
1986-87,16,Osasuna,38,44,12,14,18,40,48,27,22,11,5,6,27,17,11,22,1,9,12,13,31
1986-87,17,Racing de Santander,33,44,12,9,23,46,66,27,22,10,7,5,31,18,6,22,2,2,18,15,48
1986-87,18,Cádiz,29,44,10,9,25,31,59,24,22,9,6,7,22,17,5,22,1,3,18,9,42
1987-88,1,Real Madrid,62,38,28,6,4,95,26,36,19,18,0,1,59,11,26,19,10,6,3,36,15
1987-88,2,Real Sociedad,51,38,22,7,9,61,33,29,19,13,3,3,33,14,22,19,9,4,6,28,19
1987-88,3,Atlético de Madrid,48,38,19,10,9,60,38,27,19,13,1,5,32,15,21,19,6,9,4,28,23
1987-88,4,Athletic Club de Bilbao,46,38,17,12,9,50,43,29,19,12,5,2,31,15,17,19,5,7,7,19,28
1987-88,5,Osasuna,40,38,15,10,13,40,34,28,19,11,6,2,30,14,12,19,4,4,11,10,20
1987-88,6,Barcelona,39,38,15,9,14,49,44,21,19,9,3,7,31,23,18,19,6,6,7,18,21
1987-88,7,Celta de Vigo,39,38,14,11,13,43,40,28,19,11,6,2,31,13,11,19,3,5,11,12,27
1987-88,8,Valladolid,38,38,13,12,13,31,34,27,19,10,7,2,17,6,11,19,3,5,11,14,28
1987-88,9,Sporting de Gijón,38,38,14,10,14,44,49,28,19,11,6,2,32,14,10,19,3,4,12,12,35
1987-88,10,Sevilla,37,38,13,11,14,41,46,22,19,7,8,4,23,17,15,19,6,3,10,18,29
1987-88,11,Zaragoza,36,38,11,14,13,54,56,24,19,8,8,3,32,25,12,19,3,6,10,22,31
1987-88,12,Cádiz,35,38,11,13,14,47,54,23,19,8,7,4,28,22,12,19,3,6,10,19,32
1987-88,13,Logroñés,33,38,12,9,17,28,45,23,19,9,5,5,20,17,10,19,3,4,12,8,28
1987-88,14,Valencia,33,38,10,13,15,44,53,22,19,8,6,5,26,19,11,19,2,7,10,18,34
1987-88,15,Espanyol,33,38,11,11,16,44,55,21,19,8,5,6,28,25,12,19,3,6,10,16,30
1987-88,16,Betis,33,38,14,5,19,42,54,27,19,11,5,3,30,14,6,19,3,0,16,12,40
1987-88,17,Murcia,31,38,9,13,16,31,42,21,19,6,9,4,17,12,10,19,3,4,12,14,30
1987-88,18,Mallorca,30,38,9,12,17,35,50,22,19,8,6,5,26,19,8,19,1,6,12,9,31
1987-88,19,Sabadell,29,38,9,11,18,27,48,20,19,7,6,6,17,16,9,19,2,5,12,10,32
1987-88,20,Las Palmas,29,38,12,5,21,43,65,18,19,9,0,10,27,28,11,19,3,5,11,16,37
1988-89,1,Real Madrid,62,38,25,12,1,91,37,35,19,16,3,0,56,19,27,19,9,9,1,35,18
1988-89,2,Barcelona,57,38,23,11,4,80,26,33,19,15,3,1,50,8,24,19,8,8,3,30,18
1988-89,3,Valencia,49,38,18,13,7,39,26,28,19,11,6,2,27,14,21,19,7,7,5,12,12
1988-89,4,Atlético de Madrid,46,38,19,8,11,69,45,30,19,13,4,2,49,17,16,19,6,4,9,20,28
1988-89,5,Zaragoza,43,38,15,13,10,48,42,25,19,9,7,3,22,15,18,19,6,6,7,26,27
1988-89,6,Valladolid,43,38,18,7,13,40,31,28,19,13,2,4,22,9,15,19,5,5,9,18,22
1988-89,7,Athletic Club de Bilbao,42,38,15,12,11,45,35,27,19,11,5,3,32,16,15,19,4,7,8,13,19
1988-89,8,Celta de Vigo,39,38,14,11,13,42,48,24,19,9,6,4,23,17,15,19,5,5,9,19,31
1988-89,9,Sevilla,38,38,13,12,13,38,39,24,19,9,6,4,26,16,14,19,4,6,9,12,23
1988-89,10,Osasuna,37,38,13,11,14,39,43,24,19,9,6,4,20,12,13,19,4,5,10,19,31
1988-89,11,Real Sociedad,36,38,11,14,13,38,47,24,19,9,6,4,22,17,12,19,2,8,9,16,30
1988-89,12,Oviedo,35,38,12,11,15,41,48,20,19,8,4,7,26,22,15,19,4,7,8,15,26
1988-89,13,Sporting de Gijón,35,38,13,9,16,42,42,21,19,8,5,6,24,19,14,19,5,4,10,18,23
1988-89,14,Logroñés,34,38,9,16,13,25,37,21,19,6,9,4,15,14,13,19,3,7,9,10,23
1988-89,15,Cádiz,33,38,9,15,14,31,41,17,19,3,11,5,16,18,16,19,6,4,9,15,23
1988-89,16,Málaga,33,38,12,9,17,39,53,19,19,6,7,6,21,24,14,19,6,2,11,18,29
1988-89,17,Espanyol,30,38,7,16,15,29,44,18,19,5,8,6,20,21,12,19,2,8,9,9,23
1988-89,18,Betis,29,38,9,11,18,36,55,19,19,7,5,7,20,18,10,19,2,6,11,16,37
1988-89,19,Murcia,24,38,9,6,23,27,58,14,19,5,4,10,16,23,10,19,4,2,13,11,35
1988-89,20,Elche,15,38,4,7,27,29,71,11,19,3,5,11,15,27,4,19,1,2,16,14,44
1989-90,1,Real Madrid,62,38,26,10,2,107,38,36,19,17,2,0,78,21,26,19,9,8,2,29,17
1989-90,2,Valencia,53,38,20,13,5,67,42,32,19,14,4,1,44,17,21,19,6,9,4,23,25
1989-90,3,Barcelona,51,38,23,5,10,83,39,31,19,14,3,2,53,17,20,19,9,2,8,30,22
1989-90,4,Atlético de Madrid,50,38,20,10,8,55,35,32,19,14,4,1,33,11,18,19,6,6,7,22,24
1989-90,5,Real Sociedad,44,38,15,14,9,43,35,29,19,11,7,1,28,13,15,19,4,7,8,15,22
1989-90,6,Sevilla,43,38,18,7,13,64,46,28,19,12,4,3,38,16,15,19,6,3,10,26,30
1989-90,7,Logroñés,41,38,18,5,15,47,51,27,19,12,3,4,26,17,14,19,6,2,11,21,34
1989-90,8,Osasuna,40,38,14,12,12,42,42,27,19,12,3,4,29,15,13,19,2,9,8,13,27
1989-90,9,Zaragoza,40,38,16,8,14,52,52,29,19,13,3,3,29,13,11,19,3,5,11,23,39
1989-90,10,Mallorca,39,38,11,17,10,36,34,23,19,7,9,3,23,14,16,19,4,8,7,13,20
1989-90,11,Oviedo,39,38,12,15,11,41,46,25,19,10,5,4,27,19,14,19,2,10,7,14,27
1989-90,12,Athletic Club de Bilbao,37,38,11,15,12,37,39,27,19,9,9,1,27,14,10,19,2,6,11,10,25
1989-90,13,Sporting de Gijón,34,38,12,10,16,37,34,23,19,8,7,4,25,10,11,19,4,3,12,12,24
1989-90,14,Castellón,32,38,9,14,15,30,48,22,19,7,8,4,16,13,10,19,2,6,11,14,35
1989-90,15,Cádiz,30,38,12,6,20,28,63,21,19,9,3,7,14,20,9,19,3,3,13,14,43
1989-90,16,Valladolid,30,38,8,14,16,31,41,19,19,7,5,7,19,16,11,19,1,9,9,12,25
1989-90,17,Málaga,28,38,9,10,19,23,50,17,19,6,5,8,13,20,11,19,3,5,11,10,30
1989-90,18,Tenerife,26,38,8,10,20,42,60,19,19,6,7,6,28,26,7,19,2,3,14,14,34
1989-90,19,Celta de Vigo,22,38,5,12,21,24,51,18,19,4,10,5,17,14,4,19,1,2,16,7,37
1989-90,20,Rayo Vallecano,19,38,6,7,25,32,75,18,19,6,6,7,21,27,1,19,0,1,18,11,48
1990-91,1,Barcelona,57,38,25,7,6,74,33,33,19,15,3,1,44,16,24,19,10,4,5,30,17
1990-91,2,Atlético de Madrid,47,38,17,13,8,52,28,29,19,12,5,2,35,11,18,19,5,8,6,17,17
1990-91,3,Real Madrid,46,38,20,6,12,63,37,28,19,13,2,4,38,16,18,19,7,4,8,25,21
1990-91,4,Osasuna,45,38,15,15,8,43,34,29,19,12,5,2,26,14,16,19,3,10,6,17,20
1990-91,5,Sporting de Gijón,44,38,16,12,10,50,37,29,19,12,5,2,31,11,15,19,4,7,8,19,26
1990-91,6,Oviedo,42,38,13,16,9,36,35,30,19,11,8,0,26,8,12,19,2,8,9,10,27
1990-91,7,Valencia,40,38,15,10,13,44,40,26,19,11,4,4,28,16,14,19,4,6,9,16,24
1990-91,8,Sevilla,38,38,15,8,15,45,47,29,19,13,3,3,31,14,9,19,2,5,12,14,33
1990-91,9,Valladolid,37,38,12,13,13,38,40,26,19,9,8,2,28,15,11,19,3,5,11,10,25
1990-91,10,Logroñés,37,38,13,11,14,28,35,23,19,9,5,5,18,14,14,19,4,6,9,10,21
1990-91,11,Real Burgos,37,38,10,17,11,32,27,21,19,7,7,5,25,16,16,19,3,10,6,7,11
1990-91,12,Athletic Club de Bilbao,36,38,15,6,17,41,50,27,19,12,3,4,28,18,9,19,3,3,13,13,32
1990-91,13,Real Sociedad,36,38,11,14,13,39,45,25,19,8,9,2,21,13,11,19,3,5,11,18,32
1990-91,14,Tenerife,35,38,14,7,17,37,53,24,19,10,4,5,18,14,11,19,4,3,12,19,39
1990-91,15,Mallorca,34,38,9,16,13,32,40,23,19,6,11,2,19,11,11,19,3,5,11,13,29
1990-91,16,Espanyol,34,38,12,10,16,39,47,25,19,11,3,5,29,12,9,19,1,7,11,10,35
1990-91,17,Zaragoza,33,38,11,11,16,36,40,22,19,8,6,5,24,15,11,19,3,5,11,12,25
1990-91,18,Cádiz,29,38,7,15,16,29,41,22,19,7,8,4,21,14,7,19,0,7,12,8,27
1990-91,19,Castellón,28,38,8,12,18,27,48,23,19,8,7,4,23,15,5,19,0,5,14,4,33
1990-91,20,Betis,25,38,6,13,19,37,65,18,19,4,10,5,22,24,7,19,2,3,14,15,41
1991-92,1,Barcelona,55,38,23,9,6,87,37,33,19,15,3,1,48,17,22,19,8,6,5,39,20
1991-92,2,Real Madrid,54,38,23,8,7,78,32,35,19,16,3,0,47,11,19,19,7,5,7,31,21
1991-92,3,Atlético de Madrid,53,38,24,5,9,67,35,33,19,16,1,2,47,16,20,19,8,4,7,20,19
1991-92,4,Valencia,47,38,20,7,11,63,42,28,19,12,4,3,37,19,19,19,8,3,8,26,23
1991-92,5,Real Sociedad,44,38,16,12,10,44,38,28,19,11,6,2,27,11,16,19,5,6,8,17,27
1991-92,6,Zaragoza,41,38,17,7,14,40,41,27,19,12,3,4,29,20,14,19,5,4,10,11,21
1991-92,7,Albacete,40,38,16,8,14,45,47,26,19,11,4,4,28,14,14,19,5,4,10,17,33
1991-92,8,Sporting de Gijón,38,38,15,8,15,37,43,23,19,10,3,6,22,20,15,19,5,5,9,15,23
1991-92,9,Real Burgos,37,38,12,13,13,40,43,25,19,10,5,4,25,13,12,19,2,8,9,15,30
1991-92,10,Logroñés,36,38,13,10,15,36,51,25,19,9,7,3,20,13,11,19,4,3,12,16,38
1991-92,11,Oviedo,36,38,14,8,16,41,46,27,19,12,3,4,27,16,9,19,2,5,12,14,30
1991-92,12,Sevilla,34,38,13,8,17,48,45,26,19,11,4,4,33,18,8,19,2,4,13,15,27
1991-92,13,Tenerife,34,38,12,10,16,46,50,26,19,11,4,4,30,14,8,19,1,6,12,16,36
1991-92,14,Athletic Club de Bilbao,33,38,13,7,18,38,58,23,19,10,3,6,25,21,10,19,3,4,12,13,37
1991-92,15,Osasuna,33,38,10,13,15,30,40,24,19,9,6,4,18,10,9,19,1,7,11,12,30
1991-92,16,Espanyol,32,38,12,8,18,43,60,22,19,9,4,6,26,25,10,19,3,4,12,17,35
1991-92,17,Deportivo de La Coruña,31,38,8,15,15,37,48,21,19,5,11,3,24,22,10,19,3,4,12,13,26
1991-92,18,Cádiz,28,38,7,14,17,32,55,21,19,6,9,4,18,16,7,19,1,5,13,14,39
1991-92,19,Valladolid,27,38,7,13,18,31,53,20,19,6,8,5,21,25,7,19,1,5,13,10,28
1991-92,20,Mallorca,27,38,10,7,21,30,49,18,19,7,4,8,19,21,9,19,3,3,13,11,28
1992-93,1,Barcelona,58,38,25,8,5,87,34,35,19,16,3,0,52,13,23,19,9,5,5,35,21
1992-93,2,Real Madrid,57,38,24,9,5,75,28,35,19,16,3,0,45,9,22,19,8,6,5,30,19
1992-93,3,Deportivo de La Coruña,54,38,22,10,6,67,33,32,19,14,4,1,41,13,22,19,8,6,5,26,20
1992-93,4,Valencia,48,38,19,10,9,60,33,30,19,14,2,3,41,13,18,19,5,8,6,19,20
1992-93,5,Tenerife,44,38,15,14,9,59,47,26,19,9,8,2,33,19,18,19,6,6,7,26,28
1992-93,6,Atlético de Madrid,43,38,16,11,11,52,42,27,19,10,7,2,28,20,16,19,6,4,9,24,22
1992-93,7,Sevilla,43,38,17,9,12,46,44,27,19,11,5,3,27,16,16,19,6,4,9,19,28
1992-93,8,Athletic Club de Bilbao,40,38,17,6,15,53,49,26,19,11,4,4,29,19,14,19,6,2,11,24,30
1992-93,9,Zaragoza,35,38,11,13,14,37,52,22,19,8,6,5,21,24,13,19,3,7,9,16,28
1992-93,10,Osasuna,34,38,12,10,16,42,41,22,19,9,4,6,25,16,12,19,3,6,10,17,25
1992-93,11,Celta de Vigo,34,38,9,16,13,25,32,19,19,5,9,5,13,13,15,19,4,7,8,12,19
1992-93,12,Sporting de Gijón,34,38,11,12,15,38,57,18,19,6,6,7,16,23,16,19,5,6,8,22,34
1992-93,13,Real Sociedad,34,38,13,8,17,46,59,24,19,10,4,5,30,23,10,19,3,4,12,16,36
1992-93,14,Rayo Vallecano,33,38,8,17,13,40,49,22,19,6,10,3,25,20,11,19,2,7,10,15,29
1992-93,15,Logroñés,33,38,11,11,16,32,48,18,19,7,4,8,15,18,15,19,4,7,8,17,30
1992-93,16,Oviedo,32,38,11,10,17,42,52,21,19,7,7,5,28,26,11,19,4,3,12,14,26
1992-93,17,Albacete,31,38,11,9,18,54,59,22,19,10,2,7,37,25,9,19,1,7,11,17,34
1992-93,18,Espanyol,29,38,9,11,18,40,56,19,19,7,5,7,25,21,10,19,2,6,11,15,35
1992-93,19,Cádiz,22,38,5,12,21,30,70,14,19,3,8,8,19,33,8,19,2,4,13,11,37
1992-93,20,Real Burgos,22,38,4,14,20,29,69,15,19,3,9,7,16,24,7,19,1,5,13,13,45
1993-94,1,Barcelona,56,38,25,6,7,91,42,33,19,16,1,2,56,17,23,19,9,5,5,35,25
1993-94,2,Deportivo de La Coruña,56,38,22,12,4,54,18,31,19,13,5,1,36,7,25,19,9,7,3,18,11
1993-94,3,Zaragoza,46,38,19,8,11,71,47,31,19,14,3,2,46,17,15,19,5,5,9,25,30
1993-94,4,Real Madrid,45,38,19,7,12,61,50,26,19,11,4,4,33,20,19,19,8,3,8,28,30
1993-94,5,Athletic Club de Bilbao,43,38,16,11,11,61,47,28,19,11,6,2,39,16,15,19,5,5,9,22,31
1993-94,6,Sevilla,42,38,15,12,11,56,42,24,19,10,4,5,32,18,18,19,5,8,6,24,24
1993-94,7,Valencia,40,38,14,12,12,55,50,26,19,10,6,3,37,24,14,19,4,6,9,18,26
1993-94,8,Racing de Santander,38,38,15,8,15,44,42,26,19,11,4,4,31,16,12,19,4,4,11,13,26
1993-94,9,Oviedo,37,38,12,13,13,43,49,21,19,9,3,7,25,21,16,19,3,10,6,18,28
1993-94,10,Tenerife,36,38,15,6,17,50,57,28,19,12,4,3,30,17,8,19,3,2,14,20,40
1993-94,11,Real Sociedad,36,38,12,12,14,39,47,24,19,8,8,3,23,17,12,19,4,4,11,16,30
1993-94,12,Atlético de Madrid,35,38,13,9,16,54,54,25,19,11,3,5,32,21,10,19,2,6,11,22,33
1993-94,13,Albacete,35,38,10,15,13,49,58,24,19,8,8,3,33,25,11,19,2,7,10,16,33
1993-94,14,Sporting de Gijón,35,38,15,5,18,42,57,21,19,9,3,7,27,20,14,19,6,2,11,15,37
1993-94,15,Celta de Vigo,33,38,11,11,16,41,51,23,19,9,5,5,25,23,10,19,2,6,11,16,28
1993-94,16,Logroñés,33,38,9,15,14,47,58,20,19,6,8,5,28,25,13,19,3,7,9,19,33
1993-94,17,Rayo Vallecano,31,38,9,13,16,40,58,20,19,7,6,6,26,24,11,19,2,7,10,14,34
1993-94,18,Valladolid,30,38,8,14,16,28,51,18,19,4,10,5,14,18,12,19,4,4,11,14,33
1993-94,19,Lleida,27,38,7,13,18,29,48,14,19,3,8,8,12,19,13,19,4,5,10,17,29
1993-94,20,Osasuna,26,38,8,10,20,34,63,19,19,6,7,6,20,19,7,19,2,3,14,14,44
1994-95,1,Real Madrid,55,38,23,9,6,76,29,33,19,15,3,1,45,10,22,19,8,6,5,31,19
1994-95,2,Deportivo de La Coruña,51,38,20,11,7,68,32,29,19,12,5,2,42,15,22,19,8,6,5,26,17
1994-95,3,Betis,46,38,15,16,7,46,25,26,19,9,8,2,27,9,20,19,6,8,5,19,16
1994-95,4,Barcelona,46,38,18,10,10,60,45,29,19,12,5,2,34,12,17,19,6,5,8,26,33
1994-95,5,Sevilla,43,38,16,11,11,55,41,21,19,8,5,6,30,23,22,19,8,6,5,25,18
1994-95,6,Espanyol,43,38,14,15,9,51,35,29,19,11,7,1,35,9,14,19,3,8,8,16,26
1994-95,7,Zaragoza,43,38,18,7,13,56,51,30,19,13,4,2,39,21,13,19,5,3,11,17,30
1994-95,8,Athletic Club de Bilbao,42,38,16,10,12,39,42,24,19,10,4,5,22,18,18,19,6,6,7,17,24
1994-95,9,Oviedo,39,38,13,13,12,45,42,29,19,12,5,2,29,14,10,19,1,8,10,16,28
1994-95,10,Valencia,38,38,13,12,13,53,48,25,19,10,5,4,33,17,13,19,3,7,9,20,31
1994-95,11,Real Sociedad,38,38,12,14,12,56,44,22,19,8,6,5,39,21,16,19,4,8,7,17,23
1994-95,12,Racing de Santander,36,38,13,10,15,42,47,23,19,8,7,4,25,15,13,19,5,3,11,17,32
1994-95,13,Celta de Vigo,36,38,11,14,13,36,48,18,19,6,6,7,16,20,18,19,5,8,6,20,28
1994-95,14,Atlético de Madrid,35,38,13,9,16,56,54,24,19,10,4,5,39,24,11,19,3,5,11,17,30
1994-95,15,Tenerife,35,38,13,9,16,57,57,26,19,10,6,3,31,13,9,19,3,3,13,26,44
1994-95,16,Compostela,34,38,11,12,15,44,56,22,19,8,6,5,23,21,12,19,3,6,10,21,35
1994-95,17,Albacete,34,38,10,14,14,44,61,19,19,6,7,6,23,29,15,19,4,7,8,21,32
1994-95,18,Sporting de Gijón,28,38,8,12,18,42,67,20,19,6,8,5,25,24,8,19,2,4,13,17,43
1994-95,19,Valladolid,25,38,8,9,21,25,63,17,19,6,5,8,18,30,8,19,2,4,13,7,33
1994-95,20,Logroñés,13,38,2,9,27,15,79,9,19,1,7,11,11,35,4,19,1,2,16,4,44
1995-96,1,Atlético de Madrid,87,42,26,9,7,75,32,43,21,13,4,4,40,19,44,21,13,5,3,35,13
1995-96,2,Valencia,83,42,26,5,11,77,51,51,21,16,3,2,43,16,32,21,10,2,9,34,35
1995-96,3,Barcelona,80,42,22,14,6,72,39,50,21,15,5,1,42,17,30,21,7,9,5,30,22
1995-96,4,Espanyol,74,42,20,14,8,63,36,41,21,11,8,2,34,13,33,21,9,6,6,29,23
1995-96,5,Tenerife,72,42,20,12,10,69,54,39,21,11,6,4,38,25,33,21,9,6,6,31,29
1995-96,6,Real Madrid,70,42,20,10,12,75,51,39,21,12,3,6,42,22,31,21,8,7,6,33,29
1995-96,7,Real Sociedad,63,42,17,12,13,62,53,41,21,12,5,4,38,19,22,21,5,7,9,24,34
1995-96,8,Betis,62,42,16,14,12,61,54,33,21,9,6,6,39,30,29,21,7,8,6,22,24
1995-96,9,Deportivo de La Coruña,61,42,16,13,13,63,44,39,21,11,6,4,37,22,22,21,5,7,9,26,22
1995-96,10,Compostela,59,42,17,8,17,47,54,40,21,12,4,5,34,25,19,21,5,4,12,13,29
1995-96,11,Celta de Vigo,52,42,12,16,14,49,51,37,21,9,10,2,30,17,15,21,3,6,12,19,34
1995-96,12,Sevilla,48,42,11,15,16,43,55,29,21,7,8,6,19,16,19,21,4,7,10,24,39
1995-96,13,Zaragoza,48,42,11,15,16,51,59,26,21,7,5,9,27,27,22,21,4,10,7,24,32
1995-96,14,Oviedo,48,42,12,12,18,48,67,22,21,5,7,9,23,31,26,21,7,5,9,25,36
1995-96,15,Athletic Club de Bilbao,48,42,11,15,16,44,55,34,21,9,7,5,25,18,14,21,2,8,11,19,37
1995-96,16,Valladolid,47,42,11,14,17,57,62,31,21,7,10,4,30,24,16,21,4,4,13,27,38
1995-96,17,Racing de Santander,47,42,11,14,17,47,69,28,21,6,10,5,25,27,19,21,5,4,12,22,42
1995-96,18,Sporting de Gijón,46,42,13,7,22,51,60,33,21,10,3,8,39,32,13,21,3,4,14,12,28
1995-96,19,Rayo Vallecano,44,42,12,8,22,47,75,24,21,7,3,11,29,43,20,21,5,5,11,18,32
1995-96,20,Albacete,42,42,10,12,20,55,81,28,21,7,7,7,31,28,14,21,3,5,13,24,53
1995-96,21,Mérida,42,42,10,12,20,37,62,30,21,8,6,7,22,20,12,21,2,6,13,15,42
1995-96,22,Salamanca,33,42,8,9,25,53,82,25,21,7,4,10,34,34,8,21,1,5,15,19,48
1996-97,1,Real Madrid,92,42,27,11,4,85,36,55,21,17,4,0,54,13,37,21,10,7,4,31,23
1996-97,2,Barcelona,90,42,28,6,8,102,48,54,21,17,3,1,63,16,36,21,11,3,7,39,32
1996-97,3,Deportivo de La Coruña,77,42,21,14,7,57,30,43,21,12,7,2,32,11,34,21,9,7,5,25,19
1996-97,4,Betis,77,42,21,14,7,81,46,37,21,10,7,4,44,26,40,21,11,7,3,37,20
1996-97,5,Atlético de Madrid,71,42,20,11,11,76,64,39,21,12,3,6,42,34,32,21,8,8,5,34,30
1996-97,6,Athletic Club de Bilbao,64,42,16,16,10,72,57,39,21,10,9,2,41,22,25,21,6,7,8,31,35
1996-97,7,Valladolid,64,42,18,10,14,57,46,37,21,11,4,6,34,19,27,21,7,6,8,23,27
1996-97,8,Real Sociedad,63,42,18,9,15,50,47,41,21,12,5,4,30,13,22,21,6,4,11,20,34
1996-97,9,Tenerife,56,42,15,11,16,69,57,33,21,9,6,6,47,28,23,21,6,5,10,22,29
1996-97,10,Valencia,56,42,15,11,16,63,59,38,21,10,8,3,35,22,18,21,5,3,13,28,37
1996-97,11,Compostela,53,42,13,14,15,52,65,30,21,8,6,7,30,30,23,21,5,8,8,22,35
1996-97,12,Espanyol,51,42,14,9,19,51,57,38,21,11,5,5,30,15,13,21,3,4,14,21,42
1996-97,13,Racing de Santander,50,42,11,17,14,52,54,25,21,6,7,8,29,31,25,21,5,10,6,23,23
1996-97,14,Zaragoza,50,42,12,14,16,58,66,33,21,9,6,6,37,29,17,21,3,8,10,21,37
1996-97,15,Sporting de Gijón,50,42,13,11,18,45,63,31,21,8,7,6,28,23,19,21,5,4,12,17,40
1996-97,16,Celta de Vigo,49,42,12,13,17,51,54,31,21,8,7,6,34,24,18,21,4,6,11,17,30
1996-97,17,Oviedo,48,42,12,12,18,49,65,33,21,9,6,6,30,26,15,21,3,6,12,19,39
1996-97,18,Rayo Vallecano,45,42,13,6,23,43,62,28,21,8,4,9,25,23,17,21,5,2,14,18,39
1996-97,19,Extremadura,44,42,11,11,20,35,64,31,21,9,4,8,24,22,13,21,2,7,12,11,42
1996-97,20,Sevilla,43,42,12,7,23,50,69,28,21,8,4,9,29,28,15,21,4,3,14,21,41
1996-97,21,Hércules,41,42,12,5,25,40,77,33,21,10,3,8,26,25,8,21,2,2,17,14,52
1996-97,22,Logroñés,33,42,9,6,27,33,85,22,21,6,4,11,17,30,11,21,3,2,16,16,55
1997-98,1,Barcelona,74,38,23,5,10,78,56,43,19,14,1,4,42,23,31,19,9,4,6,36,33
1997-98,2,Athletic Club de Bilbao,65,38,17,14,7,52,42,41,19,12,5,2,36,17,24,19,5,9,5,16,25
1997-98,3,Real Sociedad,63,38,16,15,7,60,37,38,19,10,8,1,33,16,25,19,6,7,6,27,21
1997-98,4,Real Madrid,63,38,17,12,9,63,45,40,19,12,4,3,34,15,23,19,5,8,6,29,30
1997-98,5,Mallorca,60,38,16,12,10,55,39,35,19,10,5,4,34,19,25,19,6,7,6,21,20
1997-98,6,Celta de Vigo,60,38,17,9,12,54,47,46,19,14,4,1,34,13,14,19,3,5,11,20,34
1997-98,7,Atlético de Madrid,60,38,16,12,10,79,56,39,19,11,6,2,47,22,21,19,5,6,8,32,34
1997-98,8,Betis,59,38,17,8,13,49,50,37,19,11,4,4,30,21,22,19,6,4,9,19,29
1997-98,9,Valencia,55,38,16,7,15,58,52,32,19,9,5,5,32,21,23,19,7,2,10,26,31
1997-98,10,Espanyol,53,38,12,17,9,44,31,34,19,9,7,3,25,10,19,19,3,10,6,19,21
1997-98,11,Valladolid,50,38,13,11,14,36,47,28,19,7,7,5,22,19,22,19,6,4,9,14,28
1997-98,12,Deportivo de La Coruña,49,38,12,13,13,44,46,33,19,9,6,4,32,25,16,19,3,7,9,12,21
1997-98,13,Zaragoza,48,38,12,12,14,45,53,22,19,4,10,5,23,26,26,19,8,2,9,22,27
1997-98,14,Racing de Santander,45,38,12,9,17,46,55,28,19,8,4,7,26,21,17,19,4,5,10,20,34
1997-98,15,Salamanca,45,38,12,9,17,46,46,32,19,9,5,5,33,19,13,19,3,4,12,13,27
1997-98,16,Tenerife,45,38,11,12,15,44,57,32,19,8,8,3,29,23,13,19,3,4,12,15,34
1997-98,17,Compostela,44,38,11,11,16,56,66,30,19,8,6,5,30,23,14,19,3,5,11,26,43
1997-98,18,Oviedo,40,38,9,13,16,36,51,27,19,7,6,6,19,18,13,19,2,7,10,17,33
1997-98,19,Mérida,39,38,9,12,17,33,53,31,19,8,7,4,25,18,8,19,1,5,13,8,35
1997-98,20,Sporting de Gijón,13,38,2,7,29,31,80,8,19,2,2,15,15,39,5,19,0,5,14,16,41
1998-99,1,Barcelona,79,38,24,7,7,87,43,42,19,13,3,3,52,23,37,19,11,4,4,35,20
1998-99,2,Real Madrid,68,38,21,5,12,77,62,44,19,14,2,3,46,24,24,19,7,3,9,31,38
1998-99,3,Mallorca,66,38,20,6,12,48,31,45,19,14,3,2,30,8,21,19,6,3,10,18,23
1998-99,4,Valencia,65,38,19,8,11,63,39,38,19,11,5,3,38,14,27,19,8,3,8,25,25
1998-99,5,Celta de Vigo,64,38,17,13,8,69,41,42,19,12,6,1,46,15,22,19,5,7,7,23,26
1998-99,6,Deportivo de La Coruña,63,38,17,12,9,55,43,39,19,11,6,2,33,15,24,19,6,6,7,22,28
1998-99,7,Espanyol,61,38,16,13,9,49,38,35,19,9,8,2,27,14,26,19,7,5,7,22,24
1998-99,8,Athletic Club de Bilbao,60,38,17,9,12,53,47,35,19,10,5,4,30,17,25,19,7,4,8,23,30
1998-99,9,Zaragoza,57,38,16,9,13,57,46,36,19,11,3,5,35,21,21,19,5,6,8,22,25
1998-99,10,Real Sociedad,54,38,14,12,12,47,43,38,19,11,5,3,32,17,16,19,3,7,9,15,26
1998-99,11,Betis,49,38,14,7,17,47,58,27,19,8,3,8,23,26,22,19,6,4,9,24,32
1998-99,12,Valladolid,48,38,13,9,16,35,44,34,19,10,4,5,22,16,14,19,3,5,11,13,28
1998-99,13,Atlético de Madrid,46,38,12,10,16,54,50,31,19,8,7,4,37,18,15,19,4,3,12,17,32
1998-99,14,Oviedo,45,38,11,12,15,41,57,29,19,8,5,6,21,20,16,19,3,7,9,20,37
1998-99,15,Racing de Santander,42,38,10,12,16,41,53,23,19,6,5,8,22,23,19,19,4,7,8,19,30
1998-99,16,Alavés,40,38,11,7,20,36,63,34,19,10,4,5,25,17,6,19,1,3,15,11,46
1998-99,17,Extremadura,39,38,9,12,17,27,53,28,19,8,4,7,17,22,11,19,1,8,10,10,31
1998-99,18,Villarreal,36,38,8,12,18,47,63,24,19,6,6,7,29,27,12,19,2,6,11,18,36
1998-99,19,Tenerife,34,38,7,13,18,41,63,21,19,4,9,6,25,29,13,19,3,4,12,16,34
1998-99,20,Salamanca,27,38,7,6,25,29,66,25,19,7,4,8,22,25,2,19,0,2,17,7,41
1999-00,1,Deportivo de La Coruña,69,38,21,6,11,66,44,49,19,16,1,2,47,19,20,19,5,5,9,19,25
1999-00,2,Barcelona,64,38,19,7,12,70,46,41,19,13,2,4,42,18,23,19,6,5,8,28,28
1999-00,3,Valencia,64,38,18,10,10,59,39,40,19,12,4,3,40,16,24,19,6,6,7,19,23
1999-00,4,Zaragoza,63,38,16,15,7,60,40,40,19,11,7,1,36,17,23,19,5,8,6,24,23
1999-00,5,Real Madrid,62,38,16,14,8,58,48,31,19,9,4,6,31,27,31,19,7,10,2,27,21
1999-00,6,Alavés,61,38,17,10,11,41,37,34,19,10,4,5,23,18,27,19,7,6,6,18,19
1999-00,7,Celta de Vigo,53,38,15,8,15,45,43,35,19,10,5,4,31,20,18,19,5,3,11,14,23
1999-00,8,Valladolid,53,38,14,11,13,36,44,36,19,11,3,5,26,20,17,19,3,8,8,10,24
1999-00,9,Rayo Vallecano,52,38,15,7,16,51,53,27,19,8,3,8,28,24,25,19,7,4,8,23,29
1999-00,10,Mallorca,51,38,14,9,15,52,45,37,19,11,4,4,33,20,14,19,3,5,11,19,25
1999-00,11,Athletic Club de Bilbao,50,38,12,14,12,47,57,32,19,8,8,3,29,26,18,19,4,6,9,18,31
1999-00,12,Málaga,48,38,11,15,12,55,50,28,19,7,7,5,25,14,20,19,4,8,7,30,36
1999-00,13,Real Sociedad,47,38,11,14,13,42,49,34,19,9,7,3,28,19,13,19,2,7,10,14,30
1999-00,14,Espanyol,47,38,12,11,15,51,48,31,19,8,7,4,31,20,16,19,4,4,11,20,28
1999-00,15,Racing de Santander,46,38,10,16,12,52,50,22,19,3,13,3,25,22,24,19,7,3,9,27,28
1999-00,16,Oviedo,45,38,11,12,15,44,60,34,19,9,7,3,23,13,11,19,2,5,12,21,47
1999-00,17,Numancia,45,38,11,12,15,47,59,33,19,9,6,4,30,18,12,19,2,6,11,17,41
1999-00,18,Betis,42,38,11,9,18,33,56,30,19,8,6,5,19,18,12,19,3,3,13,14,38
1999-00,19,Atlético de Madrid,38,38,9,11,18,48,64,23,19,5,8,6,26,25,15,19,4,3,12,22,39
1999-00,20,Sevilla,28,38,5,13,20,42,67,21,19,5,6,8,25,27,7,19,0,7,12,17,40
2000-01,1,Real Madrid,80,38,24,8,6,81,40,48,19,15,3,1,53,15,32,19,9,5,5,28,25
2000-01,2,Deportivo de La Coruña,73,38,22,7,9,73,44,48,19,15,3,1,44,13,25,19,7,4,8,29,31
2000-01,3,Mallorca,71,38,20,11,7,61,43,46,19,14,4,1,38,19,25,19,6,7,6,23,24
2000-01,4,Barcelona,63,38,17,12,9,80,57,40,19,12,4,3,51,24,23,19,5,8,6,29,33
2000-01,5,Valencia,63,38,18,9,11,55,34,40,19,13,1,5,30,10,23,19,5,8,6,25,24
2000-01,6,Celta de Vigo,59,38,16,11,11,51,49,40,19,11,7,1,31,17,19,19,5,4,10,20,32
2000-01,7,Villarreal,57,38,16,9,13,58,52,33,19,9,6,4,33,25,24,19,7,3,9,25,27
2000-01,8,Málaga,56,38,16,8,14,60,61,35,19,10,5,4,34,24,21,19,6,3,10,26,37
2000-01,9,Espanyol,50,38,14,8,16,46,44,30,19,9,3,7,25,16,20,19,5,5,9,21,28
2000-01,10,Alavés,49,38,14,7,17,58,59,32,19,10,2,7,34,24,17,19,4,5,10,24,35
2000-01,11,Las Palmas,46,38,13,7,18,42,62,33,19,10,3,6,20,21,13,19,3,4,12,22,41
2000-01,12,Athletic Club de Bilbao,43,38,11,10,17,44,60,31,19,9,4,6,32,25,12,19,2,6,11,12,35
2000-01,13,Real Sociedad,43,38,11,10,17,52,68,24,19,6,6,7,28,29,19,19,5,4,10,24,39
2000-01,14,Rayo Vallecano,43,38,10,13,15,56,68,27,19,7,6,6,30,25,16,19,3,7,9,26,43
2000-01,15,Osasuna,42,38,10,12,16,43,54,26,19,6,8,5,26,25,16,19,4,4,11,17,29
2000-01,16,Valladolid,42,38,9,15,14,42,50,33,19,8,9,2,24,15,9,19,1,6,12,18,35
2000-01,17,Zaragoza,42,38,9,15,14,54,57,33,19,8,9,2,40,23,9,19,1,6,12,14,34
2000-01,18,Oviedo,41,38,11,8,19,51,67,33,19,9,6,4,42,27,8,19,2,2,15,9,40
2000-01,19,Racing de Santander,39,38,10,9,19,48,62,35,19,10,5,4,33,21,4,19,0,4,15,15,41
2000-01,20,Numancia,39,38,10,9,19,40,64,29,19,8,5,6,24,25,10,19,2,4,13,16,39
2001-02,1,Valencia,75,38,21,12,5,51,27,46,19,14,4,1,28,8,29,19,7,8,4,23,19
2001-02,2,Deportivo de La Coruña,68,38,20,8,10,65,41,43,19,13,4,2,40,13,25,19,7,4,8,25,28
2001-02,3,Real Madrid,66,38,19,9,10,69,44,47,19,14,5,0,48,14,19,19,5,4,10,21,30
2001-02,4,Barcelona,64,38,18,10,10,65,37,41,19,12,5,2,44,17,23,19,6,5,8,21,20
2001-02,5,Celta de Vigo,60,38,16,12,10,64,46,35,19,10,5,4,36,21,25,19,6,7,6,28,25
2001-02,6,Betis,59,38,15,14,9,42,34,38,19,11,5,3,26,13,21,19,4,9,6,16,21
2001-02,7,Alavés,54,38,17,3,18,41,44,31,19,10,1,8,22,21,23,19,7,2,10,19,23
2001-02,8,Sevilla,53,38,14,11,13,51,40,27,19,7,6,6,26,18,26,19,7,5,7,25,22
2001-02,9,Athletic Club de Bilbao,53,38,14,11,13,54,66,25,19,6,7,6,23,29,28,19,8,4,7,31,37
2001-02,10,Málaga,53,38,13,14,11,44,44,31,19,8,7,4,24,20,22,19,5,7,7,20,24
2001-02,11,Rayo Vallecano,49,38,13,10,15,46,52,36,19,11,3,5,27,19,13,19,2,7,10,19,33
2001-02,12,Valladolid,48,38,13,9,16,45,58,31,19,9,4,6,24,20,17,19,4,5,10,21,38
2001-02,13,Real Sociedad,47,38,13,8,17,48,54,30,19,8,6,5,31,22,17,19,5,2,12,17,32
2001-02,14,Espanyol,47,38,13,8,17,47,56,38,19,12,2,5,34,20,9,19,1,6,12,13,36
2001-02,15,Villarreal,43,38,11,10,17,46,55,33,19,9,6,4,30,21,10,19,2,4,13,16,34
2001-02,16,Mallorca,43,38,11,10,17,40,52,26,19,7,5,7,24,23,17,19,4,5,10,16,29
2001-02,17,Osasuna,42,38,10,12,16,36,49,24,19,6,6,7,19,21,18,19,4,6,9,17,28
2001-02,18,Las Palmas,40,38,9,13,16,40,50,29,19,7,8,4,23,17,11,19,2,5,12,17,33
2001-02,19,Tenerife,38,38,10,8,20,32,58,23,19,6,5,8,21,30,15,19,4,3,12,11,28
2001-02,20,Zaragoza,37,38,9,10,19,35,54,25,19,6,7,6,21,23,12,19,3,3,13,14,31
2002-03,1,Real Madrid,78,38,22,12,4,86,42,44,19,13,5,1,52,22,34,19,9,7,3,34,20
2002-03,2,Real Sociedad,76,38,22,10,6,71,45,45,19,13,6,0,41,18,31,19,9,4,6,30,27
2002-03,3,Deportivo de La Coruña,72,38,22,6,10,67,47,42,19,13,3,3,41,18,30,19,9,3,7,26,29
2002-03,4,Celta de Vigo,61,38,17,10,11,45,36,36,19,10,6,3,29,15,25,19,7,4,8,16,21
2002-03,5,Valencia,60,38,17,9,12,56,35,33,19,10,3,6,30,15,27,19,7,6,6,26,20
2002-03,6,Barcelona,56,38,15,11,12,63,47,35,19,10,5,4,43,24,21,19,5,6,8,20,23
2002-03,7,Athletic Club de Bilbao,55,38,15,10,13,63,61,36,19,11,3,5,30,20,19,19,4,7,8,33,41
2002-03,8,Betis,54,38,14,12,12,56,53,33,19,9,6,4,31,21,21,19,5,6,8,25,32
2002-03,9,Mallorca,52,38,14,10,14,49,56,26,19,7,5,7,25,33,26,19,7,5,7,24,23
2002-03,10,Sevilla,50,38,13,11,14,38,39,31,19,8,7,4,24,19,19,19,5,4,10,14,20
2002-03,11,Osasuna,47,38,12,11,15,40,48,27,19,8,3,8,22,24,20,19,4,8,7,18,24
2002-03,12,Atlético de Madrid,47,38,12,11,15,51,56,29,19,8,5,6,28,25,18,19,4,6,9,23,31
2002-03,13,Málaga,46,38,11,13,14,44,49,31,19,8,7,4,29,21,15,19,3,6,10,15,28
2002-03,14,Valladolid,46,38,12,10,16,37,40,31,19,9,4,6,23,17,15,19,3,6,10,14,23
2002-03,15,Villarreal,45,38,11,12,15,44,53,29,19,8,5,6,24,21,16,19,3,7,9,20,32
2002-03,16,Racing de Santander,44,38,13,5,20,54,64,29,19,9,2,8,29,22,15,19,4,3,12,25,42
2002-03,17,Espanyol,43,38,10,13,15,48,54,30,19,8,6,5,30,23,13,19,2,7,10,18,31
2002-03,18,Recreativo de Huelva,36,38,8,12,18,35,61,23,19,5,8,6,24,24,13,19,3,4,12,11,37
2002-03,19,Alavés,35,38,8,11,19,38,68,23,19,5,8,6,18,20,12,19,3,3,13,20,48
2002-03,20,Rayo Vallecano,32,38,7,11,20,31,62,20,19,4,8,7,17,24,12,19,3,3,13,14,38
2003-04,1,Valencia,77,38,23,8,7,71,27,39,19,12,3,4,38,16,38,19,11,5,3,33,11
2003-04,2,Barcelona,72,38,21,9,8,63,39,36,19,10,6,3,33,14,36,19,11,3,5,30,25
2003-04,3,Deportivo de La Coruña,71,38,21,8,9,60,34,42,19,13,3,3,36,15,29,19,8,5,6,24,19
2003-04,4,Real Madrid,70,38,21,7,10,72,54,41,19,13,2,4,43,26,29,19,8,5,6,29,28
2003-04,5,Athletic Club de Bilbao,56,38,15,11,12,53,49,35,19,10,5,4,32,20,21,19,5,6,8,21,29
2003-04,6,Sevilla,55,38,15,10,13,56,45,38,19,12,2,5,30,15,17,19,3,8,8,26,30
2003-04,7,Atlético de Madrid,55,38,15,10,13,51,53,38,19,11,5,3,30,17,17,19,4,5,10,21,36
2003-04,8,Villarreal,54,38,15,9,14,47,49,35,19,10,5,4,28,19,19,19,5,4,10,19,30
2003-04,9,Betis,52,38,13,13,12,46,43,27,19,6,9,4,22,20,25,19,7,4,8,24,23
2003-04,10,Málaga,51,38,15,6,17,50,55,34,19,10,4,5,35,27,17,19,5,2,12,15,28
2003-04,11,Mallorca,51,38,15,6,17,54,66,26,19,7,5,7,29,32,25,19,8,1,10,25,34
2003-04,12,Zaragoza,48,38,13,9,16,46,55,28,19,7,7,5,25,20,20,19,6,2,11,21,35
2003-04,13,Osasuna,48,38,11,15,12,38,37,25,19,6,7,6,24,24,23,19,5,8,6,14,13
2003-04,14,Albacete,47,38,13,8,17,40,48,29,19,9,2,8,25,21,18,19,4,6,9,15,27
2003-04,15,Real Sociedad,46,38,11,13,14,49,53,28,19,7,7,5,24,22,18,19,4,6,9,25,31
2003-04,16,Espanyol,43,38,13,4,21,48,64,26,19,8,2,9,24,26,17,19,5,2,12,24,38
2003-04,17,Racing de Santander,42,38,11,10,17,48,63,19,19,5,4,10,23,32,24,19,6,6,7,25,31
2003-04,18,Valladolid,41,38,10,11,17,46,56,27,19,7,6,6,25,23,14,19,3,5,11,21,33
2003-04,19,Celta de Vigo,39,38,9,12,17,48,68,16,19,4,4,11,16,38,23,19,5,8,6,32,30
2003-04,20,Murcia,26,38,5,11,22,29,57,22,19,5,7,7,21,25,4,19,0,4,15,8,32
2004-05,1,Barcelona,84,38,25,9,4,73,29,46,19,14,4,1,40,12,38,19,11,5,3,33,17
2004-05,2,Real Madrid,80,38,25,5,8,71,32,46,19,15,1,3,43,12,34,19,10,4,5,28,20
2004-05,3,Villarreal,65,38,18,11,9,69,37,46,19,14,4,1,41,10,19,19,4,7,8,28,27
2004-05,4,Betis,62,38,16,14,8,62,50,41,19,12,5,2,36,22,21,19,4,9,6,26,28
2004-05,5,Espanyol,61,38,17,10,11,54,46,41,19,12,5,2,34,18,20,19,5,5,9,20,28
2004-05,6,Sevilla,60,38,17,9,12,44,41,35,19,10,5,4,25,19,25,19,7,4,8,19,22
2004-05,7,Valencia,58,38,14,16,8,54,39,38,19,11,5,3,31,17,20,19,3,11,5,23,22
2004-05,8,Deportivo de La Coruña,51,38,12,15,11,46,50,25,19,6,7,6,25,29,26,19,6,8,5,21,21
2004-05,9,Athletic Club de Bilbao,51,38,14,9,15,59,54,37,19,11,4,4,39,24,14,19,3,5,11,20,30
2004-05,10,Málaga,51,38,15,6,17,40,48,28,19,8,4,7,19,24,23,19,7,2,10,21,24
2004-05,11,Atlético de Madrid,50,38,13,11,14,40,34,39,19,11,6,2,28,13,11,19,2,5,12,12,21
2004-05,12,Zaragoza,50,38,14,8,16,52,57,36,19,11,3,5,35,25,14,19,3,5,11,17,32
2004-05,13,Getafe,47,38,12,11,15,38,46,37,19,11,4,4,23,12,10,19,1,7,11,15,34
2004-05,14,Real Sociedad,47,38,13,8,17,47,56,31,19,9,4,6,21,24,16,19,4,4,11,26,32
2004-05,15,Osasuna,46,38,12,10,16,46,65,33,19,9,6,4,28,24,13,19,3,4,12,18,41
2004-05,16,Racing de Santander,44,38,12,8,18,41,58,30,19,8,6,5,25,23,14,19,4,2,13,16,35
2004-05,17,Mallorca,39,38,10,9,19,42,63,23,19,6,5,8,28,31,16,19,4,4,11,14,32
2004-05,18,Levante,37,38,9,10,19,39,58,24,19,6,6,7,19,20,13,19,3,4,12,20,38
2004-05,19,Numancia,29,38,6,11,21,30,61,21,19,4,9,6,19,23,8,19,2,2,15,11,38
2004-05,20,Albacete,28,38,6,10,22,33,56,19,19,4,7,8,17,22,9,19,2,3,14,16,34
2005-06,1,Barcelona,82,38,25,7,6,80,35,48,19,15,3,1,45,15,34,19,10,4,5,35,20
2005-06,2,Real Madrid,70,38,20,10,8,70,40,37,19,11,4,4,40,21,33,19,9,6,4,30,19
2005-06,3,Valencia,69,38,19,12,7,58,33,38,19,10,8,1,34,16,31,19,9,4,6,24,17
2005-06,4,Osasuna,68,38,21,5,12,49,43,39,19,12,3,4,28,20,29,19,9,2,8,21,23
2005-06,5,Sevilla,68,38,20,8,10,54,39,41,19,12,5,2,29,15,27,19,8,3,8,25,24
2005-06,6,Celta de Vigo,64,38,20,4,14,45,33,39,19,13,0,6,25,13,25,19,7,4,8,20,20
2005-06,7,Villarreal,57,38,14,15,9,50,39,33,19,9,6,4,28,18,24,19,5,9,5,22,21
2005-06,8,Deportivo de La Coruña,55,38,15,10,13,47,45,23,19,6,5,8,19,22,32,19,9,5,5,28,23
2005-06,9,Getafe,54,38,15,9,14,54,49,31,19,8,7,4,32,24,23,19,7,2,10,22,25
2005-06,10,Atlético de Madrid,52,38,13,13,12,45,37,27,19,7,6,6,21,18,25,19,6,7,6,24,19
2005-06,11,Zaragoza,46,38,10,16,12,46,51,24,19,6,6,7,26,26,22,19,4,10,5,20,25
2005-06,12,Athletic Club de Bilbao,45,38,11,12,15,40,46,27,19,7,6,6,19,18,18,19,4,6,9,21,28
2005-06,13,Mallorca,43,38,10,13,15,37,51,26,19,6,8,5,21,21,17,19,4,5,10,16,30
2005-06,14,Betis,42,38,10,12,16,34,51,29,19,8,5,6,19,19,13,19,2,7,10,15,32
2005-06,15,Espanyol,41,38,10,11,17,36,56,25,19,7,4,8,26,24,16,19,3,7,9,10,32
2005-06,16,Real Sociedad,40,38,11,7,20,48,65,28,19,8,4,7,31,27,12,19,3,3,13,17,38
2005-06,17,Racing de Santander,40,38,9,13,16,36,49,18,19,4,6,9,18,26,22,19,5,7,7,18,23
2005-06,18,Alavés,39,38,9,12,17,35,54,24,19,6,6,7,20,24,15,19,3,6,10,15,30
2005-06,19,Cádiz,36,38,8,12,18,36,52,20,19,4,8,7,22,25,16,19,4,4,11,14,27
2005-06,20,Málaga,24,38,5,9,24,36,68,14,19,3,5,11,16,25,10,19,2,4,13,20,43
2006-07,1,Real Madrid,76,38,23,7,8,66,40,40,19,12,4,3,32,18,36,19,11,3,5,34,22
2006-07,2,Barcelona,76,38,22,10,6,78,33,47,19,14,5,0,41,12,29,19,8,5,6,37,21
2006-07,3,Sevilla,71,38,21,8,9,64,35,47,19,15,2,2,41,13,24,19,6,6,7,23,22
2006-07,4,Valencia,66,38,20,6,12,57,42,44,19,14,2,3,40,16,22,19,6,4,9,17,26
2006-07,5,Villarreal,62,38,18,8,12,48,44,34,19,10,4,5,23,18,28,19,8,4,7,25,26
2006-07,6,Zaragoza,60,38,16,12,10,55,43,41,19,12,5,2,33,16,19,19,4,7,8,22,27
2006-07,7,Atlético de Madrid,60,38,17,9,12,46,39,30,19,8,6,5,20,20,30,19,9,3,7,26,19
2006-07,8,Recreativo de Huelva,54,38,15,9,14,54,52,31,19,9,4,6,27,23,23,19,6,5,8,27,29
2006-07,9,Getafe,52,38,14,10,14,39,33,34,19,9,7,3,21,11,18,19,5,3,11,18,22
2006-07,10,Racing de Santander,50,38,12,14,12,42,48,31,19,9,4,6,25,25,19,19,3,10,6,17,23
2006-07,11,Espanyol,49,38,12,13,13,46,53,27,19,7,6,6,26,27,22,19,5,7,7,20,26
2006-07,12,Mallorca,49,38,14,7,17,41,47,29,19,8,5,6,22,19,20,19,6,2,11,19,28
2006-07,13,Deportivo de La Coruña,47,38,12,11,15,32,45,31,19,9,4,6,19,16,16,19,3,7,9,13,29
2006-07,14,Osasuna,46,38,13,7,18,51,49,24,19,6,6,7,26,24,22,19,7,1,11,25,25
2006-07,15,Levante,42,38,10,12,16,37,53,25,19,6,7,6,22,25,17,19,4,5,10,15,28
2006-07,16,Betis,40,38,8,16,14,36,49,21,19,4,9,6,17,22,19,19,4,7,8,19,27
2006-07,17,Athletic Club de Bilbao,40,38,10,10,18,44,62,22,19,6,4,9,19,28,18,19,4,6,9,25,34
2006-07,18,Celta de Vigo,39,38,10,9,19,40,59,18,19,4,6,9,21,31,21,19,6,3,10,19,28
2006-07,19,Real Sociedad,35,38,8,11,19,32,47,22,19,6,4,9,20,24,13,19,2,7,10,12,23
2006-07,20,Gimnàstic de Tarragona,28,38,7,7,24,34,69,16,19,4,4,11,23,36,12,19,3,3,13,11,33
2007-08,1,Real Madrid,85,38,27,4,7,84,36,51,19,17,0,2,53,18,34,19,10,4,5,31,18
2007-08,2,Villarreal,77,38,24,5,9,63,40,41,19,12,5,2,33,15,36,19,12,0,7,30,25
2007-08,3,Barcelona,67,38,19,10,9,76,43,44,19,14,2,3,46,12,23,19,5,8,6,30,31
2007-08,4,Atlético de Madrid,64,38,19,7,12,66,47,38,19,12,2,5,45,26,26,19,7,5,7,21,21
2007-08,5,Sevilla,64,38,20,4,14,75,49,40,19,13,1,5,46,20,24,19,7,3,9,29,29
2007-08,6,Racing de Santander,60,38,17,9,12,42,41,36,19,11,3,5,24,18,24,19,6,6,7,18,23
2007-08,7,Mallorca,59,38,15,14,9,69,54,33,19,9,6,4,35,22,26,19,6,8,5,34,32
2007-08,8,Almería,52,38,14,10,14,42,45,32,19,9,5,5,18,14,20,19,5,5,9,24,31
2007-08,9,Deportivo de La Coruña,52,38,15,7,16,46,47,30,19,9,3,7,24,23,22,19,6,4,9,22,24
2007-08,10,Valencia,51,38,15,6,17,48,62,24,19,7,3,9,24,31,27,19,8,3,8,24,31
2007-08,11,Athletic Club de Bilbao,50,38,13,11,14,40,43,29,19,7,8,4,22,14,21,19,6,3,10,18,29
2007-08,12,Espanyol,48,38,13,9,16,43,53,27,19,8,3,8,21,23,21,19,5,6,8,22,30
2007-08,13,Betis,47,38,12,11,15,45,51,25,19,7,4,8,27,26,22,19,5,7,7,18,25
2007-08,14,Getafe,47,38,12,11,15,44,48,28,19,7,7,5,24,22,19,19,5,4,10,20,26
2007-08,15,Valladolid,45,38,11,12,15,42,57,27,19,6,9,4,19,18,18,19,5,3,11,23,39
2007-08,16,Recreativo de Huelva,44,38,11,11,16,40,60,25,19,6,7,6,24,25,19,19,5,4,10,16,35
2007-08,17,Osasuna,43,38,12,7,19,37,44,28,19,8,4,7,25,21,15,19,4,3,12,12,23
2007-08,18,Zaragoza,42,38,10,12,16,50,61,34,19,9,7,3,36,24,8,19,1,5,13,14,37
2007-08,19,Murcia,30,38,7,9,22,36,65,22,19,6,4,9,21,26,8,19,1,5,13,15,39
2007-08,20,Levante,26,38,7,5,26,33,75,19,19,5,4,10,22,34,7,19,2,1,16,11,41
2008-09,1,Barcelona,87,38,27,6,5,105,35,45,19,14,3,2,61,14,42,19,13,3,3,44,21
2008-09,2,Real Madrid,78,38,25,3,10,83,52,44,19,14,2,3,49,29,34,19,11,1,7,34,23
2008-09,3,Sevilla,70,38,21,7,10,54,39,35,19,11,2,6,28,20,35,19,10,5,4,26,19
2008-09,4,Atlético de Madrid,67,38,20,7,11,80,57,40,19,13,1,5,47,23,27,19,7,6,6,33,34
2008-09,5,Villarreal,65,38,18,11,9,61,54,39,19,12,3,4,33,25,26,19,6,8,5,28,29
2008-09,6,Valencia,62,38,18,8,12,68,54,40,19,12,4,3,47,26,22,19,6,4,9,21,28
2008-09,7,Deportivo de La Coruña,58,38,16,10,12,48,47,36,19,10,6,3,30,18,22,19,6,4,9,18,29
2008-09,8,Málaga,55,38,15,10,13,55,59,31,19,8,7,4,28,23,24,19,7,3,9,27,36
2008-09,9,Mallorca,51,38,14,9,15,53,60,33,19,9,6,4,33,24,18,19,5,3,11,20,36
2008-09,10,Espanyol,47,38,12,11,15,46,49,29,19,8,5,6,28,22,18,19,4,6,9,18,27
2008-09,11,Almería,46,38,13,7,18,45,61,37,19,11,4,4,27,20,9,19,2,3,14,18,41
2008-09,12,Racing de Santander,46,38,12,10,16,49,48,23,19,5,8,6,28,22,23,19,7,2,10,21,26
2008-09,13,Athletic Club de Bilbao,44,38,12,8,18,47,62,29,19,9,2,8,28,29,15,19,3,6,10,19,33
2008-09,14,Sporting de Gijón,43,38,14,1,23,47,79,25,19,8,1,10,24,37,18,19,6,0,13,23,42
2008-09,15,Osasuna,43,38,10,13,15,41,47,29,19,8,5,6,27,22,14,19,2,8,9,14,25
2008-09,16,Valladolid,43,38,12,7,19,46,58,29,19,8,5,6,22,17,14,19,4,2,13,24,41
2008-09,17,Getafe,42,38,10,12,16,50,56,25,19,7,4,8,27,23,17,19,3,8,8,23,33
2008-09,18,Betis,42,38,10,12,16,51,58,20,19,4,8,7,24,25,22,19,6,4,9,27,33
2008-09,19,Numancia,35,38,10,5,23,38,69,30,19,9,3,7,23,22,5,19,1,2,16,15,47
2008-09,20,Recreativo de Huelva,33,38,8,9,21,34,57,16,19,4,4,11,17,29,17,19,4,5,10,17,28
2009-10,1,Barcelona,99,38,31,6,1,98,24,55,19,18,1,0,57,11,44,19,13,5,1,41,13
2009-10,2,Real Madrid,96,38,31,3,4,102,35,54,19,18,0,1,60,18,42,19,13,3,3,42,17
2009-10,3,Valencia,71,38,21,8,9,59,40,44,19,13,5,1,34,12,27,19,8,3,8,25,28
2009-10,4,Sevilla,63,38,19,6,13,65,49,36,19,10,6,3,33,18,27,19,9,0,10,32,31
2009-10,5,Mallorca,62,38,18,8,12,59,44,46,19,15,1,3,42,15,16,19,3,7,9,17,29
2009-10,6,Getafe,58,38,17,7,14,58,48,37,19,11,4,4,34,22,21,19,6,3,10,24,26
2009-10,7,Villarreal,56,38,16,8,14,58,57,42,19,13,3,3,35,18,14,19,3,5,11,23,39
2009-10,8,Athletic Club de Bilbao,54,38,15,9,14,50,53,37,19,11,4,4,34,24,17,19,4,5,10,16,29
2009-10,9,Atlético de Madrid,47,38,13,8,17,57,61,36,19,11,3,5,37,24,11,19,2,5,12,20,37
2009-10,10,Deportivo de La Coruña,47,38,13,8,17,35,49,31,19,9,4,6,22,21,16,19,4,4,11,13,28
2009-10,11,Espanyol,44,38,11,11,16,29,46,33,19,9,6,4,20,17,11,19,2,5,12,9,29
2009-10,12,Osasuna,43,38,11,10,17,37,46,29,19,7,8,4,21,16,14,19,4,2,13,16,30
2009-10,13,Almería,42,38,10,12,16,43,55,30,19,8,6,5,25,23,12,19,2,6,11,18,32
2009-10,14,Zaragoza,41,38,10,11,17,46,64,27,19,7,6,6,27,23,14,19,3,5,11,19,41
2009-10,15,Sporting de Gijón,40,38,9,13,16,36,51,28,19,7,7,5,20,18,12,19,2,6,11,16,33
2009-10,16,Racing de Santander,39,38,9,12,17,42,59,17,19,4,5,10,17,32,22,19,5,7,7,25,27
2009-10,17,Málaga,37,38,7,16,15,42,48,23,19,5,8,6,21,21,14,19,2,8,9,21,27
2009-10,18,Valladolid,36,38,7,15,16,37,62,20,19,4,8,7,23,32,16,19,3,7,9,14,30
2009-10,19,Tenerife,36,38,9,9,20,40,74,30,19,8,6,5,26,29,6,19,1,3,15,14,45
2009-10,20,Xerez,34,38,8,10,20,38,66,22,19,6,4,9,20,29,12,19,2,6,11,18,37
2010-11,1,Barcelona,96,38,30,6,2,95,21,50,19,16,2,1,46,10,46,19,14,4,1,49,11
2010-11,2,Real Madrid,92,38,29,5,4,102,33,49,19,16,1,2,61,12,43,19,13,4,2,41,21
2010-11,3,Valencia,71,38,21,8,9,64,44,35,19,10,5,4,34,21,36,19,11,3,5,30,23
2010-11,4,Villarreal,62,38,18,8,12,54,44,42,19,13,3,3,33,14,20,19,5,5,9,21,30
2010-11,5,Sevilla,58,38,17,7,14,62,61,34,19,10,4,5,35,27,24,19,7,3,9,27,34
2010-11,6,Athletic Club de Bilbao,58,38,18,4,16,59,55,37,19,12,1,6,32,20,21,19,6,3,10,27,35
2010-11,7,Atlético de Madrid,58,38,17,7,14,62,53,33,19,10,3,6,35,20,25,19,7,4,8,27,33
2010-11,8,Espanyol,49,38,15,4,19,46,55,35,19,11,2,6,33,22,14,19,4,2,13,13,33
2010-11,9,Osasuna,47,38,13,8,17,45,46,36,19,10,6,3,28,14,11,19,3,2,14,17,32
2010-11,10,Sporting de Gijón,47,38,11,14,13,35,42,33,19,9,6,4,23,16,14,19,2,8,9,12,26
2010-11,11,Málaga,46,38,13,7,18,54,68,24,19,7,3,9,29,29,22,19,6,4,9,25,39
2010-11,12,Racing de Santander,46,38,12,10,16,41,56,30,19,8,6,5,25,21,16,19,4,4,11,16,35
2010-11,13,Zaragoza,45,38,12,9,17,40,53,30,19,9,3,7,26,27,15,19,3,6,10,14,26
2010-11,14,Levante,45,38,12,9,17,41,52,31,19,9,4,6,25,20,14,19,3,5,11,16,32
2010-11,15,Real Sociedad,45,38,14,3,21,49,66,35,19,11,2,6,27,21,10,19,3,1,15,22,45
2010-11,16,Getafe,44,38,12,8,18,49,60,30,19,9,3,7,33,26,14,19,3,5,11,16,34
2010-11,17,Mallorca,44,38,12,8,18,41,56,31,19,9,4,6,25,19,13,19,3,4,12,16,37
2010-11,18,Deportivo de La Coruña,43,38,10,13,15,31,47,30,19,8,6,5,22,19,13,19,2,7,10,9,28
2010-11,19,Hércules,35,38,9,8,21,36,60,26,19,7,5,7,27,27,9,19,2,3,14,9,33
2010-11,20,Almería,30,38,6,12,20,36,70,19,19,3,10,6,23,35,11,19,3,2,14,13,35
2011-12,1,Real Madrid,100,38,32,4,2,121,32,50,19,16,2,1,70,19,50,19,16,2,1,51,13
2011-12,2,Barcelona,91,38,28,7,3,114,29,52,19,17,1,1,73,11,39,19,11,6,2,41,18
2011-12,3,Valencia,61,38,17,10,11,59,44,37,19,11,4,4,40,20,24,19,6,6,7,19,24
2011-12,4,Málaga,58,38,17,7,14,54,53,42,19,13,3,3,35,21,16,19,4,4,11,19,32
2011-12,5,Atlético de Madrid,56,38,15,11,12,53,46,38,19,11,5,3,36,17,18,19,4,6,9,17,29
2011-12,6,Levante,55,38,16,7,15,54,50,36,19,11,3,5,33,19,19,19,5,4,10,21,31
2011-12,7,Osasuna,54,38,13,15,10,44,61,36,19,10,6,3,26,19,18,19,3,9,7,18,42
2011-12,8,Mallorca,52,38,14,10,14,42,46,32,19,9,5,5,21,15,20,19,5,5,9,21,31
2011-12,9,Sevilla,50,38,13,11,14,48,47,31,19,9,4,6,32,25,19,19,4,7,8,16,22
2011-12,10,Athletic Club de Bilbao,49,38,12,13,13,49,52,31,19,8,7,4,29,21,18,19,4,6,9,20,31
2011-12,11,Getafe,47,38,12,11,15,40,51,30,19,8,6,5,24,19,17,19,4,5,10,16,32
2011-12,12,Real Sociedad,47,38,12,11,15,46,52,33,19,9,6,4,29,17,14,19,3,5,11,17,35
2011-12,13,Betis,47,38,13,8,17,47,56,28,19,7,7,5,28,25,19,19,6,1,12,19,31
2011-12,14,Espanyol,46,38,12,10,16,46,56,31,19,9,4,6,31,24,15,19,3,6,10,15,32
2011-12,15,Rayo Vallecano,43,38,13,4,21,53,73,25,19,8,1,10,29,26,18,19,5,3,11,24,47
2011-12,16,Zaragoza,43,38,12,7,19,36,61,28,19,8,4,7,19,24,15,19,4,3,12,17,37
2011-12,17,Granada,42,38,12,6,20,35,56,29,19,8,5,6,22,20,13,19,4,1,14,13,36
2011-12,18,Villarreal,41,38,9,14,15,39,53,28,19,6,10,3,26,20,13,19,3,4,12,13,33
2011-12,19,Sporting de Gijón,37,38,10,7,21,42,69,25,19,7,4,8,24,26,12,19,3,3,13,18,43
2011-12,20,Racing de Santander,27,38,4,15,19,28,63,16,19,3,7,9,11,24,11,19,1,8,10,17,39
2012-13,1,Barcelona,100,38,32,4,2,115,40,55,19,18,1,0,63,15,45,19,14,3,2,52,25
2012-13,2,Real Madrid,85,38,26,7,5,103,42,53,19,17,2,0,67,21,32,19,9,5,5,36,21
2012-13,3,Atlético de Madrid,76,38,23,7,8,65,31,44,19,14,2,3,42,12,32,19,9,5,5,23,19
2012-13,4,Real Sociedad,66,38,18,12,8,70,49,37,19,10,7,2,41,22,29,19,8,5,6,29,27
2012-13,5,Valencia,65,38,19,8,11,67,54,42,19,13,3,3,42,25,23,19,6,5,8,25,29
2012-13,6,Málaga,57,38,16,9,13,53,50,35,19,10,5,4,33,18,22,19,6,4,9,20,32
2012-13,7,Betis,56,38,16,8,14,57,56,32,19,9,5,5,28,18,24,19,7,3,9,29,38
2012-13,8,Rayo Vallecano,53,38,16,5,17,50,66,30,19,9,3,7,27,29,23,19,7,2,10,23,37
2012-13,9,Sevilla,50,38,14,8,16,58,54,40,19,13,1,5,41,21,10,19,1,7,11,17,33
2012-13,10,Getafe,47,38,13,8,17,43,57,31,19,9,4,6,25,23,16,19,4,4,11,18,34
2012-13,11,Levante,46,38,12,10,16,40,57,28,19,8,4,7,25,26,18,19,4,6,9,15,31
2012-13,12,Athletic Club de Bilbao,45,38,12,9,17,44,65,27,19,8,3,8,22,27,18,19,4,6,9,22,38
2012-13,13,Espanyol,44,38,11,11,16,43,52,25,19,6,7,6,25,28,19,19,5,4,10,18,24
2012-13,14,Valladolid,43,38,11,10,17,49,58,27,19,7,6,6,29,26,16,19,4,4,11,20,32
2012-13,15,Granada,42,38,11,9,18,37,54,24,19,6,6,7,21,21,18,19,5,3,11,16,33
2012-13,16,Osasuna,39,38,10,9,19,33,50,26,19,7,5,7,15,14,13,19,3,4,12,18,36
2012-13,17,Celta de Vigo,37,38,10,7,21,37,52,27,19,7,6,6,23,21,10,19,3,1,15,14,31
2012-13,18,Mallorca,36,38,9,9,20,43,72,26,19,7,5,7,26,30,10,19,2,4,13,17,42
2012-13,19,Deportivo de La Coruña,35,38,8,11,19,47,70,23,19,6,5,8,23,26,12,19,2,6,11,24,44
2012-13,20,Zaragoza,34,38,9,7,22,37,62,19,19,5,4,10,23,27,15,19,4,3,12,14,35
2013-14,1,Atlético de Madrid,90,38,28,6,4,77,26,49,19,15,4,0,49,10,41,19,13,2,4,28,16
2013-14,2,Barcelona,87,38,27,6,5,100,33,50,19,16,2,1,64,15,37,19,11,4,4,36,18
2013-14,3,Real Madrid,87,38,27,6,5,104,38,49,19,16,1,2,63,17,38,19,11,5,3,41,21
2013-14,4,Athletic Club de Bilbao,70,38,20,10,8,66,39,43,19,13,4,2,42,18,27,19,7,6,6,24,21
2013-14,5,Sevilla,63,38,18,9,11,69,52,37,19,11,4,4,40,21,26,19,7,5,7,29,31
2013-14,6,Villarreal,59,38,17,8,13,60,44,33,19,9,6,4,36,21,26,19,8,2,9,24,23
2013-14,7,Real Sociedad,59,38,16,11,11,62,55,37,19,11,4,4,38,19,22,19,5,7,7,24,36
2013-14,8,Valencia,49,38,13,10,15,51,53,33,19,10,3,6,35,24,16,19,3,7,9,16,29
2013-14,9,Celta de Vigo,49,38,14,7,17,49,54,25,19,6,7,6,23,23,24,19,8,0,11,26,31
2013-14,10,Levante,48,38,12,12,14,35,43,27,19,7,6,6,19,16,21,19,5,6,8,16,27
2013-14,11,Málaga,45,38,12,9,17,39,46,26,19,8,2,9,24,21,19,19,4,7,8,15,25
2013-14,12,Rayo Vallecano,43,38,13,4,21,46,80,24,19,8,0,11,28,36,19,19,5,4,10,18,44
2013-14,13,Getafe,42,38,11,9,18,35,54,24,19,6,6,7,20,24,18,19,5,3,11,15,30
2013-14,14,Espanyol,42,38,11,9,18,41,51,26,19,7,5,7,23,22,16,19,4,4,11,18,29
2013-14,15,Granada,41,38,12,5,21,32,56,22,19,7,1,11,18,22,19,19,5,4,10,14,34
2013-14,16,Elche,40,38,9,13,16,30,50,26,19,6,8,5,13,12,14,19,3,5,11,17,38
2013-14,17,Almería,40,38,11,7,20,43,71,24,19,6,6,7,26,31,16,19,5,1,13,17,40
2013-14,18,Osasuna,39,38,10,9,19,32,62,23,19,6,5,8,20,25,16,19,4,4,11,12,37
2013-14,19,Valladolid,36,38,7,15,16,38,60,27,19,6,9,4,20,17,9,19,1,6,12,18,43
2013-14,20,Betis,25,38,6,7,25,36,78,18,19,5,3,11,19,31,7,19,1,4,14,17,47
2014-15,1,Barcelona,94,38,30,4,4,110,21,49,19,16,1,2,64,11,45,19,14,3,2,46,10
2014-15,2,Real Madrid,92,38,30,2,6,118,38,50,19,16,2,1,65,15,42,19,14,0,5,53,23
2014-15,3,Atlético de Madrid,78,38,23,9,6,67,29,45,19,14,3,2,42,11,33,19,9,6,4,25,18
2014-15,4,Valencia,77,38,22,11,5,70,32,48,19,15,3,1,42,10,29,19,7,8,4,28,22
2014-15,5,Sevilla,76,38,23,7,8,71,45,44,19,13,5,1,38,13,32,19,10,2,7,33,32
2014-15,6,Villarreal,60,38,16,12,10,48,37,37,19,12,1,6,29,17,23,19,4,11,4,19,20
2014-15,7,Athletic Club de Bilbao,55,38,15,10,13,42,41,30,19,8,6,5,28,20,25,19,7,4,8,14,21
2014-15,8,Celta de Vigo,51,38,13,12,13,47,44,29,19,8,5,6,30,22,22,19,5,7,7,17,22
2014-15,9,Málaga,50,38,14,8,16,42,48,30,19,8,6,5,26,20,20,19,6,2,11,16,28
2014-15,10,Espanyol,49,38,13,10,15,47,51,30,19,8,6,5,23,19,19,19,5,4,10,24,32
2014-15,11,Rayo Vallecano,49,38,15,4,19,46,68,26,19,8,2,9,26,26,23,19,7,2,10,20,42
2014-15,12,Real Sociedad,46,38,11,13,14,44,51,32,19,9,5,5,29,21,14,19,2,8,9,15,30
2014-15,13,Elche,41,38,11,8,19,35,62,21,19,6,3,10,19,31,20,19,5,5,9,16,31
2014-15,14,Levante,37,38,9,10,19,34,67,24,19,6,6,7,20,30,13,19,3,4,12,14,37
2014-15,15,Getafe,37,38,10,7,21,33,64,23,19,6,5,8,16,22,14,19,4,2,13,17,42
2014-15,16,Deportivo de La Coruña,35,38,7,14,17,35,60,21,19,5,6,8,22,30,14,19,2,8,9,13,30
2014-15,17,Granada,35,38,7,14,17,29,64,22,19,4,10,5,13,17,13,19,3,4,12,16,47
2014-15,18,Eibar,35,38,9,8,21,34,55,18,19,5,3,11,20,29,17,19,4,5,10,14,26
2014-15,19,Almería,29,38,8,8,22,35,64,16,19,3,7,9,20,28,16,19,5,1,13,15,36
2014-15,20,Córdoba,20,38,3,11,24,22,68,9,19,1,6,12,12,33,11,19,2,5,12,10,35
2015-16,1,Barcelona,91,38,29,4,5,112,29,49,19,16,1,2,67,14,42,19,13,3,3,45,15
2015-16,2,Real Madrid,90,38,28,6,4,110,34,49,19,16,1,2,70,16,41,19,12,5,2,40,18
2015-16,3,Atlético de Madrid,88,38,28,4,6,63,18,48,19,15,3,1,33,7,40,19,13,1,5,30,11
2015-16,4,Villarreal,64,38,18,10,10,44,35,40,19,12,4,3,26,12,24,19,6,6,7,18,23
2015-16,5,Athletic Club de Bilbao,62,38,18,8,12,58,45,37,19,11,4,4,35,17,25,19,7,4,8,23,28
2015-16,6,Celta de Vigo,60,38,17,9,12,51,59,33,19,9,6,4,29,25,27,19,8,3,8,22,34
2015-16,7,Sevilla,52,38,14,10,14,51,50,43,19,14,1,4,38,21,9,19,0,9,10,13,29
2015-16,8,Málaga,48,38,12,12,14,38,35,30,19,8,6,5,26,15,18,19,4,6,9,12,20
2015-16,9,Real Sociedad,48,38,13,9,16,45,48,26,19,7,5,7,22,20,22,19,6,4,9,23,28
2015-16,10,Betis,45,38,11,12,15,34,52,24,19,6,6,7,17,23,21,19,5,6,8,17,29
2015-16,11,Las Palmas,44,38,12,8,18,45,53,29,19,8,5,6,25,17,15,19,4,3,12,20,36
2015-16,12,Valencia,44,38,11,11,16,46,48,25,19,6,7,6,25,23,19,19,5,4,10,21,25
2015-16,13,Espanyol,43,38,12,7,19,40,74,32,19,9,5,5,22,28,11,19,3,2,14,18,46
2015-16,14,Eibar,43,38,11,10,17,49,61,29,19,8,5,6,26,22,14,19,3,5,11,23,39
2015-16,15,Deportivo de La Coruña,42,38,8,18,12,45,61,20,19,4,8,7,25,34,22,19,4,10,5,20,27
2015-16,16,Granada,39,38,10,9,19,46,69,23,19,6,5,8,26,31,16,19,4,4,11,20,38
2015-16,17,Sporting de Gijón,39,38,10,9,19,40,62,25,19,7,4,8,28,28,14,19,3,5,11,12,34
2015-16,18,Rayo Vallecano,38,38,9,11,18,52,73,28,19,8,4,7,29,29,10,19,1,7,11,23,44
2015-16,19,Getafe,36,38,9,9,20,37,67,25,19,6,7,6,23,20,11,19,3,2,14,14,47
2015-16,20,Levante,32,38,8,8,22,37,70,26,19,7,5,7,23,26,6,19,1,3,15,14,44
2016-17,1,Real Madrid,93,38,29,6,3,106,41,46,19,14,4,1,48,20,47,19,15,2,2,58,21
2016-17,2,Barcelona,90,38,28,6,4,116,37,48,19,15,3,1,64,17,42,19,13,3,3,52,20
2016-17,3,Atlético de Madrid,78,38,23,9,6,70,27,44,19,14,2,3,40,14,34,19,9,7,3,30,13
2016-17,4,Sevilla,72,38,21,9,8,69,49,46,19,14,4,1,39,16,26,19,7,5,7,30,33
2016-17,5,Villarreal,67,38,19,10,9,56,33,37,19,11,4,4,35,18,30,19,8,6,5,21,15
2016-17,6,Real Sociedad,64,38,19,7,12,59,53,35,19,10,5,4,30,24,29,19,9,2,8,29,29
2016-17,7,Athletic Club de Bilbao,63,38,19,6,13,53,43,43,19,13,4,2,36,18,20,19,6,2,11,17,25
2016-17,8,Espanyol,56,38,15,11,12,49,50,29,19,8,5,6,28,24,27,19,7,6,6,21,26
2016-17,9,Alavés,55,38,14,13,11,41,43,29,19,7,8,4,19,21,26,19,7,5,7,22,22
2016-17,10,Eibar,54,38,15,9,14,56,51,33,19,10,3,6,29,21,21,19,5,6,8,27,30
2016-17,11,Málaga,46,38,12,10,16,49,55,32,19,10,2,7,32,25,14,19,2,8,9,17,30
2016-17,12,Valencia,46,38,13,7,18,56,65,28,19,8,4,7,32,32,18,19,5,3,11,24,33
2016-17,13,Celta de Vigo,45,38,13,6,19,53,69,29,19,9,2,8,30,32,16,19,4,4,11,23,37
2016-17,14,Las Palmas,39,38,10,9,19,53,74,33,19,9,6,4,33,25,6,19,1,3,15,20,49
2016-17,15,Betis,39,38,10,9,19,41,64,25,19,6,7,6,22,24,14,19,4,2,13,19,40
2016-17,16,Deportivo de La Coruña,36,38,8,12,18,43,61,26,19,7,5,7,27,23,10,19,1,7,11,16,38
2016-17,17,Leganés,35,38,8,11,19,36,55,21,19,5,6,8,22,23,14,19,3,5,11,14,32
2016-17,18,Sporting de Gijón,31,38,7,10,21,42,72,19,19,5,4,10,26,38,12,19,2,6,11,16,34
2016-17,19,Osasuna,22,38,4,10,24,40,94,13,19,2,7,10,23,39,9,19,2,3,14,17,55
2016-17,20,Granada,20,38,4,8,26,30,82,16,19,4,4,11,17,32,4,19,0,4,15,13,50
2017-18,1,Barcelona,93,38,28,9,1,99,29,51,19,16,3,0,53,11,42,19,12,6,1,46,18
2017-18,2,Atlético de Madrid,79,38,23,10,5,58,22,42,19,12,6,1,30,8,37,19,11,4,4,28,14
2017-18,3,Real Madrid,76,38,22,10,6,94,44,40,19,12,4,3,54,20,36,19,10,6,3,40,24
2017-18,4,Valencia,73,38,22,7,9,65,38,42,19,13,3,3,36,16,31,19,9,4,6,29,22
2017-18,5,Villarreal,61,38,18,7,13,57,50,36,19,11,3,5,35,22,25,19,7,4,8,22,28
2017-18,6,Betis,60,38,18,6,14,60,61,34,19,10,4,5,35,31,26,19,8,2,9,25,30
2017-18,7,Sevilla,58,38,17,7,14,49,58,38,19,11,5,3,31,22,20,19,6,2,11,18,36
2017-18,8,Getafe,55,38,15,10,13,42,33,31,19,9,4,6,26,13,24,19,6,6,7,16,20
2017-18,9,Eibar,51,38,14,9,15,44,50,28,19,8,4,7,26,19,23,19,6,5,8,18,31
2017-18,10,Girona,51,38,14,9,15,50,59,27,19,8,3,8,26,22,24,19,6,6,7,24,37
2017-18,11,Espanyol,49,38,12,13,13,36,42,30,19,8,6,5,20,16,19,19,4,7,8,16,26
2017-18,12,Real Sociedad,49,38,14,7,17,66,59,33,19,10,3,6,47,29,16,19,4,4,11,19,30
2017-18,13,Celta de Vigo,49,38,13,10,15,59,60,32,19,8,8,3,34,23,17,19,5,2,12,25,37
2017-18,14,Alavés,47,38,15,2,21,40,50,28,19,9,1,9,21,23,19,19,6,1,12,19,27
2017-18,15,Levante,46,38,11,13,14,44,58,27,19,7,6,6,25,28,19,19,4,7,8,19,30
2017-18,16,Athletic Club de Bilbao,43,38,10,13,15,41,49,26,19,6,8,5,19,16,17,19,4,5,10,22,33
2017-18,17,Leganés,43,38,12,7,19,34,51,31,19,9,4,6,19,19,12,19,3,3,13,15,32
2017-18,18,Deportivo de La Coruña,29,38,6,11,21,38,76,18,19,4,6,9,22,33,11,19,2,5,12,16,43
2017-18,19,Las Palmas,22,38,5,7,26,24,74,14,19,4,2,13,15,38,8,19,1,5,13,9,36
2017-18,20,Málaga,20,38,5,5,28,24,61,15,19,4,3,12,14,27,5,19,1,2,16,10,34
2018-19,1,Barcelona,87,38,26,9,3,90,36,48,19,15,3,1,51,17,39,19,11,6,2,39,19
2018-19,2,Atlético de Madrid,76,38,22,10,6,55,29,48,19,15,3,1,32,10,28,19,7,7,5,23,19
2018-19,3,Real Madrid,68,38,21,5,12,63,46,40,19,13,1,5,32,15,28,19,8,4,7,31,31
2018-19,4,Valencia,61,38,15,16,7,51,35,31,19,7,10,2,24,12,30,19,8,6,5,27,23
2018-19,5,Getafe,59,38,15,14,9,48,35,36,19,11,3,5,28,13,23,19,4,11,4,20,22
2018-19,6,Sevilla,59,38,17,8,13,62,47,39,19,12,3,4,39,20,20,19,5,5,9,23,27
2018-19,7,Espanyol,53,38,14,11,13,48,50,36,19,11,3,5,28,22,17,19,3,8,8,20,28
2018-19,8,Athletic Club de Bilbao,53,38,13,14,11,41,45,35,19,9,8,2,26,19,18,19,4,6,9,15,26
2018-19,9,Real Sociedad,50,38,13,11,14,45,46,27,19,7,6,6,23,20,23,19,6,5,8,22,26
2018-19,10,Betis,50,38,14,8,16,44,52,29,19,8,5,6,25,26,21,19,6,3,10,19,26
2018-19,11,Alavés,50,38,13,11,14,39,50,29,19,7,8,4,19,19,21,19,6,3,10,20,31
2018-19,12,Eibar,47,38,11,14,13,46,50,33,19,9,6,4,31,21,14,19,2,8,9,15,29
2018-19,13,Leganés,45,38,11,12,15,37,43,29,19,7,8,4,19,16,16,19,4,4,11,18,27
2018-19,14,Villarreal,44,38,10,14,14,49,52,23,19,5,8,6,28,26,21,19,5,6,8,21,26
2018-19,15,Levante,44,38,11,11,16,59,66,25,19,6,7,6,34,34,19,19,5,4,10,25,32
2018-19,16,Valladolid,41,38,10,11,17,32,51,20,19,5,5,9,16,26,21,19,5,6,8,16,25
2018-19,17,Celta de Vigo,41,38,10,11,17,53,62,29,19,8,5,6,31,25,12,19,2,6,11,22,37
2018-19,18,Girona,37,38,9,10,19,37,53,15,19,3,6,10,17,28,22,19,6,4,9,20,25
2018-19,19,Huesca,33,38,7,12,19,43,65,21,19,5,6,8,24,30,12,19,2,6,11,19,35
2018-19,20,Rayo Vallecano,32,38,8,8,22,41,70,21,19,5,6,8,25,32,11,19,3,2,14,16,38
2019-20,1,Real Madrid,87,38,26,9,3,70,25,49,19,15,4,0,40,11,38,19,11,5,3,30,14
2019-20,2,Barcelona,82,38,25,7,6,86,38,50,19,16,2,1,52,16,32,19,9,5,5,34,22
2019-20,3,Atlético de Madrid,70,38,18,16,4,51,27,42,19,12,6,1,28,11,28,19,6,10,3,23,16
2019-20,4,Sevilla,70,38,19,13,6,54,34,37,19,10,7,2,26,14,33,19,9,6,4,28,20
2019-20,5,Villarreal,60,38,18,6,14,63,49,32,19,9,5,5,37,25,28,19,9,1,9,26,24
2019-20,6,Real Sociedad,56,38,16,8,14,56,48,31,19,9,4,6,33,20,25,19,7,4,8,23,28
2019-20,7,Granada,56,38,16,8,14,52,45,33,19,10,3,6,26,16,23,19,6,5,8,26,29
2019-20,8,Getafe,54,38,14,12,12,43,37,30,19,8,6,5,25,20,24,19,6,6,7,18,17
2019-20,9,Valencia,53,38,14,11,13,46,53,40,19,11,7,1,29,16,13,19,3,4,12,17,37
2019-20,10,Osasuna,52,38,13,13,12,46,54,28,19,7,7,5,26,29,24,19,6,6,7,20,25
2019-20,11,Athletic Club de Bilbao,51,38,13,12,13,41,38,31,19,9,4,6,21,14,20,19,4,8,7,20,24
2019-20,12,Levante,49,38,14,7,17,47,53,32,19,9,5,5,27,19,17,19,5,2,12,20,34
2019-20,13,Valladolid,42,38,9,15,14,32,43,25,19,5,10,4,18,15,17,19,4,5,10,14,28
2019-20,14,Eibar,42,38,11,9,18,39,56,27,19,8,3,8,25,25,15,19,3,6,10,14,31
2019-20,15,Betis,41,38,10,11,17,48,60,31,19,9,4,6,34,27,10,19,1,7,11,14,33
2019-20,16,Alavés,39,38,10,9,19,34,59,27,19,7,6,6,20,19,12,19,3,3,13,14,40
2019-20,17,Celta de Vigo,37,38,7,16,15,37,49,23,19,5,8,6,22,20,14,19,2,8,9,15,29
2019-20,18,Leganés,36,38,8,12,18,30,51,20,19,5,5,9,17,26,16,19,3,7,9,13,25
2019-20,19,Mallorca,33,38,9,6,23,40,65,27,19,8,3,8,25,22,6,19,1,3,15,15,43
2019-20,20,Espanyol,25,38,5,10,23,27,58,12,19,2,6,11,15,31,13,19,3,4,12,12,27
2020-21,1,Atlético de Madrid,86,38,26,8,4,67,25,48,19,15,3,1,41,11,38,19,11,5,3,26,14
2020-21,2,Real Madrid,84,38,25,9,4,67,28,42,19,13,3,3,33,13,42,19,12,6,1,34,15
2020-21,3,Barcelona,79,38,24,7,7,85,38,38,19,11,5,3,44,20,41,19,13,2,4,41,18
2020-21,4,Sevilla,77,38,24,5,9,53,33,43,19,14,1,4,27,11,34,19,10,4,5,26,22
2020-21,5,Real Sociedad,62,38,17,11,10,59,38,33,19,9,6,4,34,21,29,19,8,5,6,25,17
2020-21,6,Betis,61,38,17,10,11,50,50,35,19,10,5,4,27,21,26,19,7,5,7,23,29
2020-21,7,Villarreal,58,38,15,13,10,60,44,30,19,8,6,5,29,23,28,19,7,7,5,31,21
2020-21,8,Celta de Vigo,53,38,14,11,13,55,57,30,19,9,3,7,30,30,23,19,5,8,6,25,27
2020-21,9,Granada,46,38,13,7,18,47,65,31,19,9,4,6,25,25,15,19,4,3,12,22,40
2020-21,10,Athletic Club de Bilbao,46,38,11,13,14,46,42,30,19,8,6,5,29,19,16,19,3,7,9,17,23
2020-21,11,Osasuna,44,38,11,11,16,37,48,26,19,7,5,7,21,23,18,19,4,6,9,16,25
2020-21,12,Cádiz,44,38,11,11,16,36,58,20,19,5,5,9,17,30,24,19,6,6,7,19,28
2020-21,13,Valencia,43,38,10,13,15,50,53,31,19,8,7,4,34,23,12,19,2,6,11,16,30
2020-21,14,Levante,41,38,9,14,15,46,57,24,19,5,9,5,27,30,17,19,4,5,10,19,27
2020-21,15,Getafe,38,38,9,11,18,28,43,24,19,6,6,7,15,13,14,19,3,5,11,13,30
2020-21,16,Alavés,38,38,9,11,18,36,57,24,19,6,6,7,21,25,14,19,3,5,11,15,32
2020-21,17,Elche,36,38,8,12,18,34,55,23,19,5,8,6,18,23,13,19,3,4,12,16,32
2020-21,18,Huesca,34,38,7,13,18,34,53,22,19,5,7,7,17,21,12,19,2,6,11,17,32
2020-21,19,Valladolid,31,38,5,16,17,34,57,16,19,3,7,9,19,30,15,19,2,9,8,15,27
2020-21,20,Eibar,30,38,6,12,20,29,52,13,19,2,7,10,12,21,17,19,4,5,10,17,31
2021-22,1,Real Madrid,86,38,26,8,4,80,31,44,19,13,5,1,44,13,42,19,13,3,3,36,18
2021-22,2,Barcelona,73,38,21,10,7,68,38,38,19,12,2,5,37,19,35,19,9,8,2,31,19
2021-22,3,Atlético de Madrid,71,38,21,8,9,65,43,41,19,12,5,2,33,16,30,19,9,3,7,32,27
2021-22,4,Sevilla,70,38,18,16,4,53,30,42,19,12,6,1,36,17,28,19,6,10,3,17,13
2021-22,5,Betis,65,38,19,8,11,62,40,32,19,10,2,7,34,22,33,19,9,6,4,28,18
2021-22,6,Real Sociedad,62,38,17,11,10,40,37,35,19,10,5,4,16,9,27,19,7,6,6,24,28
2021-22,7,Villarreal,59,38,16,11,11,63,37,36,19,10,6,3,40,18,23,19,6,5,8,23,19
2021-22,8,Athletic Club de Bilbao,55,38,14,13,11,43,36,34,19,10,4,5,29,18,21,19,4,9,6,14,18
2021-22,9,Valencia,48,38,11,15,12,48,53,26,19,6,8,5,26,24,22,19,5,7,7,22,29
2021-22,10,Osasuna,47,38,12,11,15,37,51,22,19,5,7,7,17,26,25,19,7,4,8,20,25
2021-22,11,Celta de Vigo,46,38,12,10,16,43,43,25,19,7,4,8,26,23,21,19,5,6,8,17,20
2021-22,12,Rayo Vallecano,42,38,11,9,18,39,50,29,19,8,5,6,26,22,13,19,3,4,12,13,28
2021-22,13,Elche,42,38,11,9,18,40,52,27,19,7,6,6,24,21,15,19,4,3,12,16,31
2021-22,14,Espanyol,42,38,10,12,16,40,53,33,19,9,6,4,25,19,9,19,1,6,12,15,34
2021-22,15,Getafe,39,38,8,15,15,33,41,28,19,7,7,5,21,15,11,19,1,8,10,12,26
2021-22,16,Mallorca,39,38,10,9,19,36,63,27,19,7,6,6,20,25,12,19,3,3,13,16,38
2021-22,17,Cádiz,39,38,8,15,15,35,51,18,19,3,9,7,19,24,21,19,5,6,8,16,27
2021-22,18,Granada,38,38,8,14,16,44,61,22,19,5,7,7,22,29,16,19,3,7,9,22,32
2021-22,19,Levante,35,38,8,11,19,51,76,22,19,5,7,7,28,30,13,19,3,4,12,23,46
2021-22,20,Alavés,31,38,8,7,23,31,65,25,19,7,4,8,17,21,6,19,1,3,15,14,44
2022-23,1,Barcelona,88,38,28,4,6,70,20,48,19,15,3,1,37,4,40,19,13,1,5,33,16
2022-23,2,Real Madrid,78,38,24,6,8,75,36,44,19,13,5,1,44,16,34,19,11,1,7,31,20
2022-23,3,Atlético de Madrid,77,38,23,8,7,70,33,42,19,13,3,3,41,15,35,19,10,5,4,29,18
2022-23,4,Real Sociedad,71,38,21,8,9,51,35,38,19,11,5,3,26,16,33,19,10,3,6,25,19
2022-23,5,Villarreal,64,38,19,7,12,59,40,39,19,12,3,4,36,18,25,19,7,4,8,23,22
2022-23,6,Betis,60,38,17,9,12,46,41,32,19,9,5,5,26,18,28,19,8,4,7,20,23
2022-23,7,Osasuna,53,38,15,8,15,37,42,34,19,11,1,7,24,21,19,19,4,7,8,13,21
2022-23,8,Athletic Club de Bilbao,51,38,14,9,15,47,43,27,19,8,3,8,22,15,24,19,6,6,7,25,28
2022-23,9,Mallorca,50,38,14,8,16,37,43,35,19,10,5,4,22,12,15,19,4,3,12,15,31
2022-23,10,Girona,49,38,13,10,15,58,55,33,19,10,3,6,35,26,16,19,3,7,9,23,29
2022-23,11,Rayo Vallecano,49,38,13,10,15,45,53,32,19,9,5,5,28,22,17,19,4,5,10,17,31
2022-23,12,Sevilla,49,38,13,10,15,47,54,26,19,7,5,7,24,25,23,19,6,5,8,23,29
2022-23,13,Celta de Vigo,43,38,11,10,17,43,53,27,19,7,6,6,26,21,16,19,4,4,11,17,32
2022-23,14,Cádiz,42,38,10,12,16,30,53,27,19,7,6,6,19,23,15,19,3,6,10,11,30
2022-23,15,Getafe,42,38,10,12,16,34,45,27,19,7,6,6,21,20,15,19,3,6,10,13,25
2022-23,16,Valencia,42,38,11,9,18,42,45,29,19,8,5,6,27,19,13,19,3,4,12,15,26
2022-23,17,Almería,41,38,11,8,19,49,65,33,19,10,3,6,29,22,8,19,1,5,13,20,43
2022-23,18,Valladolid,40,38,11,7,20,33,63,28,19,8,4,7,21,25,12,19,3,3,13,12,38
2022-23,19,Espanyol,37,38,8,13,17,52,69,19,19,4,7,8,27,35,18,19,4,6,9,25,34
2022-23,20,Elche,25,38,5,10,23,30,67,15,19,3,6,10,18,29,10,19,2,4,13,12,38
2023-24,1,Girona,55,22,17,4,1,52,25,28,11,9,1,1,30,14,27,11,8,3,0,22,11
2023-24,2,Real Madrid,54,21,17,3,1,45,14,28,10,9,1,0,25,6,26,11,8,2,1,20,8
2023-24,3,Atlético de Madrid,44,21,14,2,5,42,23,31,11,10,1,0,25,11,13,10,4,1,5,17,12
2023-24,4,Barcelona,44,21,13,5,3,43,29,24,11,8,0,3,24,16,20,10,5,5,0,19,13
2023-24,5,Athletic Club de Bilbao,42,22,12,6,4,38,21,26,11,8,2,1,27,12,16,11,4,4,3,11,9
2023-24,6,Real Sociedad,36,22,9,9,4,32,21,20,11,5,5,1,18,11,16,11,4,4,3,14,10
2023-24,7,Betis,34,22,8,10,4,25,24,22,11,6,4,1,15,8,12,11,2,6,3,10,16
2023-24,8,Valencia,32,22,9,5,8,27,26,20,10,6,2,2,13,5,12,12,3,3,6,14,21
2023-24,9,Las Palmas,31,22,9,4,9,22,19,18,11,5,3,3,14,9,13,11,4,1,6,8,10
2023-24,10,Getafe,26,20,6,8,6,26,28,18,9,5,3,1,9,6,8,11,1,5,5,17,22
2023-24,11,Alavés,26,22,7,5,10,22,27,16,10,5,1,4,11,11,10,12,2,4,6,11,16
2023-24,12,Osasuna,26,21,7,5,9,26,32,15,11,4,3,4,12,14,11,10,3,2,5,14,18
2023-24,13,Rayo Vallecano,24,21,5,9,7,18,26,8,10,1,5,4,9,18,16,11,4,4,3,9,8
2023-24,14,Villarreal,23,22,6,5,11,33,45,11,11,3,2,6,18,22,12,11,3,3,5,15,23
2023-24,15,Mallorca,20,22,3,11,8,19,26,13,11,2,7,2,9,9,7,11,1,4,6,10,17
2023-24,16,Sevilla,17,22,3,8,11,27,36,11,12,2,5,5,16,19,6,10,1,3,6,11,17
2023-24,17,Celta de Vigo,17,22,3,8,11,21,32,10,12,2,4,6,8,15,7,10,1,4,5,13,17
2023-24,18,Cádiz,16,22,2,10,10,15,31,12,11,2,6,3,9,13,4,11,0,4,7,6,18
2023-24,19,Granada,11,21,2,5,14,22,42,10,11,2,4,5,14,20,1,10,0,1,9,8,22
2023-24,20,Almería,6,22,0,6,16,21,49,5,11,0,5,6,10,21,1,11,0,1,10,11,28
